Day_2_Loch_Creran/2024-05-16/sbe19p_5262_20240516_c1.cnv
* Sea-Bird SBE 19plus Data File:
* FileName = C:\Data\sbe55_sbe19p_5262\2024-05-16\sbe19p_5262_20240516_C1040.hex
* Software Version SeatermAF 2.1.4
* Temperature SN = 5262
* Conductivity SN = 5262
* System UpLoad Time = May 16 2024 10:54:57 (localtime) = May 16 2024 10:54:57 (UTC)
* ds
* SeacatPlus V 1.6b  SERIAL NO. 5262    16 May 2024  10:56:01
# nquan = 14                                
# nvalues = 1505                        
# units = specified
# name 0 = scan: Scan Count
# name 1 = timeJ: Julian Days
# name 2 = prdM: Pressure, Strain Gauge [db]
# name 3 = tv290C: Temperature [ITS-90, deg C]
# name 4 = c0mS/cm: Conductivity [mS/cm]
# name 5 = wetStar: Fluorescence, WET Labs WETstar [mg/m^3]
# name 6 = par: PAR/Irradiance, Biospherical/Licor [umol photons/m^2/sec]
# name 7 = sbeox0Mm/L: Oxygen, SBE 43 [umol/l]
# name 8 = sbeox0PS: Oxygen, SBE 43 [% saturation]
# name 9 = depSM: Depth [salt water, m], lat = 56
# name 10 = sal00: Salinity, Practical [PSU]
# name 11 = sigma-é00: Density [sigma-theta, kg/m^3]
# name 12 = svCM: Sound Velocity [Chen-Millero, m/s]
# name 13 = flag: flag
# span 0 =        301,       1805       
# span 1 = 137.449356, 137.453720       
# span 2 =     -0.215,     12.047       
# span 3 =    10.7144,    11.5904       
# span 4 =   2.122625,  36.673622       
# span 5 =     0.1448,     5.9523       
# span 6 = 6.9575e+00, 5.2836e+02       
# span 7 =    233.302,    313.826       
# span 8 =     69.464,    100.930       
# span 9 =     -0.213,     11.937       
# span 10 =     1.5166,    32.5074      
# span 11 =     0.7987,    24.8845      
# span 12 =    1452.90,    1491.98      
# span 13 = 0.0000e+00, 0.0000e+00      
# interval = seconds: 0.25
# start_time = May 16 2024 10:45:50 [Instrument's time stamp, header]
# bad_flag = -9.990e-29
*END*
[from data line 517]
        818 137.450867      7.642    10.7485  36.297985     3.5706 2.3492e+01    273.692     97.059      7.572    32.4920    24.8672    1489.58 -9.990e-29
        819 137.450867      7.643    10.7484  36.297901     3.9944 2.3496e+01    273.665     97.052      7.573    32.4920    24.8672    1489.58 -9.990e-29
        820 137.450867      7.643    10.7483  36.297794     3.5819 2.3604e+01    273.812     97.105      7.573    32.4920    24.8672    1489.58 -9.990e-29
        821 137.450867      7.644    10.7481  36.297710     3.6092 2.3555e+01    273.534     97.007      7.574    32.4921    24.8673    1489.58 -9.990e-29
        822 137.450867      7.644    10.7479  36.297626     3.9688 2.3650e+01    273.445     96.976      7.574    32.4921    24.8674    1489.58 -9.990e-29
        823 137.450867      7.645    10.7477  36.297577     3.4917 2.3634e+01    273.265     96.913      7.575    32.4923    24.8676    1489.58 -9.990e-29
        824 137.450882      7.645    10.7475  36.297562     4.2096 2.3559e+01    272.966     96.807      7.575    32.4925    24.8678    1489.58 -9.990e-29
        825 137.450882      7.645    10.7473  36.297573     4.0242 2.3463e+01    272.746     96.730      7.576    32.4927    24.8679    1489.58 -9.990e-29
        826 137.450882      7.646    10.7471  36.297600     4.0607 2.3434e+01    272.440     96.622      7.576    32.4928    24.8681    1489.58 -9.990e-29
        827 137.450882      7.647    10.7470  36.297588     4.3901 2.3377e+01    272.280     96.565      7.577    32.4929    24.8682    1489.58 -9.990e-29
        828 137.450882      7.647    10.7469  36.297531     3.3511 2.3348e+01    272.466     96.631      7.578    32.4930    24.8682    1489.58 -9.990e-29
        829 137.450897      7.648    10.7468  36.297474     3.4845 2.1498e+01    272.635     96.690      7.578    32.4930    24.8683    1489.58 -9.990e-29
        830 137.450897      7.649    10.7466  36.297436     3.5567 2.2270e+01    272.726     96.722      7.579    32.4931    24.8684    1489.58 -9.990e-29
        831 137.450897      7.649    10.7465  36.297409     3.6960 2.1178e+01    272.925     96.793      7.579    32.4932    24.8685    1489.58 -9.990e-29
        832 137.450897      7.649    10.7464  36.297413     3.8412 2.1981e+01    273.187     96.886      7.579    32.4933    24.8686    1489.58 -9.990e-29
        833 137.450897      7.649    10.7464  36.297493     3.6415 2.2924e+01    273.463     96.986      7.580    32.4934    24.8687    1489.58 -9.990e-29
        834 137.450912      7.649    10.7465  36.297680     3.9319 2.2795e+01    273.740     97.085      7.580    32.4934    24.8687    1489.58 -9.990e-29
        835 137.450912      7.649    10.7469  36.297935     3.8861 2.3106e+01    273.866     97.132      7.580    32.4933    24.8685    1489.58 -9.990e-29
        836 137.450912      7.649    10.7474  36.298195     3.6385 2.3176e+01    273.600     97.039      7.580    32.4931    24.8683    1489.58 -9.990e-29
        837 137.450912      7.649    10.7480  36.298405     3.4497 2.2883e+01    273.546     97.021      7.580    32.4928    24.8679    1489.58 -9.990e-29
        838 137.450912      7.649    10.7486  36.298523     3.5584 2.3037e+01    273.349     96.952      7.579    32.4924    24.8675    1489.59 -9.990e-29
        839 137.450928      7.649    10.7491  36.298573     4.2004 2.3078e+01    273.230     96.910      7.579    32.4920    24.8671    1489.59 -9.990e-29
        840 137.450928      7.649    10.7495  36.298626     3.9579 2.3225e+01    273.161     96.886      7.579    32.4917    24.8668    1489.59 -9.990e-29
        841 137.450928      7.649    10.7499  36.298714     3.7779 2.3233e+01    273.295     96.933      7.579    32.4915    24.8666    1489.59 -9.990e-29
        842 137.450928      7.649    10.7502  36.298820     3.9474 2.3188e+01    273.471     96.995      7.580    32.4913    24.8664    1489.59 -9.990e-29
        843 137.450928      7.649    10.7504  36.298931     3.8525 2.3229e+01    273.574     97.031      7.580    32.4912    24.8662    1489.59 -9.990e-29
        844 137.450928      7.649    10.7507  36.298992     3.7627 2.3249e+01    273.816     97.116      7.580    32.4911    24.8661    1489.59 -9.990e-29
        845 137.450943      7.649    10.7508  36.298996     3.6104 2.3151e+01    273.884     97.140      7.579    32.4909    24.8660    1489.59 -9.990e-29
        846 137.450943      7.649    10.7509  36.298992     3.5017 2.3090e+01    274.025     97.188      7.579    32.4909    24.8659    1489.59 -9.990e-29
        847 137.450943      7.649    10.7509  36.299023     3.4749 2.3090e+01    274.035     97.192      7.579    32.4909    24.8659    1489.59 -9.990e-29
        848 137.450943      7.649    10.7510  36.299122     3.4443 2.3061e+01    273.824     97.117      7.579    32.4909    24.8659    1489.59 -9.990e-29
        849 137.450943      7.649    10.7511  36.299282     3.3205 2.3159e+01    273.883     97.137      7.579    32.4910    24.8659    1489.59 -9.990e-29
        850 137.450958      7.649    10.7514  36.299480     3.6520 2.3208e+01    274.109     97.216      7.579    32.4909    24.8658    1489.59 -9.990e-29
        851 137.450958      7.649    10.7519  36.299744     3.7472 2.3385e+01    273.919     97.148      7.579    32.4907    24.8656    1489.60 -9.990e-29
        852 137.450958      7.650    10.7525  36.300083     4.0737 2.3439e+01    273.997     97.175      7.580    32.4905    24.8654    1489.60 -9.990e-29
        853 137.450958      7.650    10.7531  36.300438     3.8664 2.3530e+01    274.115     97.217      7.580    32.4903    24.8651    1489.60 -9.990e-29
        854 137.450958      7.651    10.7538  36.300720     3.5848 2.3513e+01    273.987     97.172      7.581    32.4900    24.8647    1489.60 -9.990e-29
        855 137.450974      7.652    10.7544  36.300919     3.2101 2.3563e+01    274.067     97.200      7.582    32.4897    24.8644    1489.60 -9.990e-29
        856 137.450974      7.652    10.7548  36.301041     3.5017 2.3571e+01    273.839     97.120      7.583    32.4894    24.8641    1489.60 -9.990e-29
        857 137.450974      7.653    10.7551  36.301060     3.3536 2.3567e+01    273.617     97.042      7.583    32.4892    24.8639    1489.60 -9.990e-29
        858 137.450974      7.653    10.7552  36.301025     3.6394 2.3609e+01    273.485     96.996      7.584    32.4891    24.8638    1489.61 -9.990e-29
        859 137.450974      7.654    10.7551  36.300976     3.3490 2.3634e+01    273.468     96.991      7.584    32.4891    24.8638    1489.60 -9.990e-29
        860 137.450974      7.654    10.7550  36.300858     3.4564 2.3600e+01    273.403     96.968      7.584    32.4890    24.8638    1489.60 -9.990e-29
        861 137.450989      7.654    10.7548  36.300690     3.8060 2.3604e+01    273.404     96.969      7.584    32.4890    24.8638    1489.60 -9.990e-29
        862 137.450989      7.654    10.7546  36.300522     4.0208 2.3509e+01    273.509     97.005      7.584    32.4891    24.8639    1489.60 -9.990e-29
        863 137.450989      7.654    10.7542  36.300369     4.0393 2.3410e+01    273.419     96.973      7.584    32.4893    24.8641    1489.60 -9.990e-29
        864 137.450989      7.654    10.7539  36.300224     3.9377 2.3513e+01    273.257     96.915      7.584    32.4894    24.8643    1489.60 -9.990e-29
        865 137.450989      7.654    10.7536  36.300114     3.5135 2.3434e+01    273.058     96.843      7.584    32.4896    24.8644    1489.60 -9.990e-29
        866 137.451004      7.654    10.7533  36.300014     3.9797 2.3521e+01    272.678     96.707      7.584    32.4897    24.8646    1489.60 -9.990e-29
        867 137.451004      7.653    10.7530  36.299858     3.5152 2.3501e+01    272.843     96.766      7.584    32.4898    24.8647    1489.60 -9.990e-29
        868 137.451004      7.653    10.7527  36.299683     3.9696 2.3377e+01    272.732     96.726      7.583    32.4899    24.8648    1489.60 -9.990e-29
        869 137.451004      7.653    10.7524  36.299557     3.9432 2.3294e+01    272.780     96.743      7.583    32.4900    24.8650    1489.60 -9.990e-29
        870 137.451004      7.652    10.7522  36.299488     3.9935 2.3270e+01    272.881     96.777      7.582    32.4902    24.8651    1489.60 -9.990e-29
        871 137.451019      7.651    10.7521  36.299477     3.7170 2.3327e+01    273.083     96.848      7.582    32.4903    24.8652    1489.60 -9.990e-29
        872 137.451019      7.651    10.7521  36.299541     3.7485 2.3237e+01    273.169     96.877      7.581    32.4904    24.8653    1489.60 -9.990e-29
        873 137.451019      7.650    10.7521  36.299671     4.5542 2.3216e+01    273.241     96.902      7.580    32.4904    24.8653    1489.60 -9.990e-29
        874 137.451019      7.649    10.7523  36.299805     3.9335 2.3212e+01    273.188     96.883      7.580    32.4904    24.8653    1489.60 -9.990e-29
        875 137.451019      7.649    10.7525  36.299915     3.5714 2.3110e+01    272.984     96.811      7.579    32.4903    24.8652    1489.60 -9.990e-29
        876 137.451035      7.648    10.7528  36.299992     3.8580 2.3094e+01    273.132     96.864      7.578    32.4901    24.8650    1489.60 -9.990e-29
        877 137.451035      7.647    10.7531  36.299995     3.6738 2.3204e+01    273.180     96.881      7.577    32.4899    24.8648    1489.60 -9.990e-29
        878 137.451035      7.646    10.7532  36.299915     3.7581 2.3037e+01    273.151     96.870      7.576    32.4897    24.8646    1489.60 -9.990e-29
        879 137.451035      7.645    10.7533  36.299805     4.1643 2.3065e+01    273.309     96.926      7.575    32.4896    24.8645    1489.60 -9.990e-29
        880 137.451035      7.644    10.7532  36.299675     3.7023 2.3065e+01    273.520     96.998      7.575    32.4895    24.8645    1489.60 -9.990e-29
        881 137.451035      7.643    10.7530  36.299496     3.7443 2.3114e+01    273.790     97.093      7.574    32.4895    24.8645    1489.60 -9.990e-29
        882 137.451050      7.643    10.7527  36.299252     3.4543 2.3017e+01    273.940     97.145      7.573    32.4895    24.8645    1489.60 -9.990e-29
        883 137.451050      7.642    10.7523  36.299034     3.3763 2.3009e+01    273.908     97.131      7.573    32.4896    24.8647    1489.60 -9.990e-29
        884 137.451050      7.642    10.7520  36.298859     3.5911 2.2980e+01    273.785     97.083      7.572    32.4897    24.8648    1489.59 -9.990e-29
        885 137.451050      7.641    10.7517  36.298676     3.7988 2.2952e+01    273.850     97.103      7.572    32.4898    24.8649    1489.59 -9.990e-29
        886 137.451050      7.641    10.7514  36.298481     3.5080 2.2952e+01    273.742     97.065      7.572    32.4899    24.8650    1489.59 -9.990e-29
        887 137.451065      7.642    10.7511  36.298279     3.3570 2.3029e+01    273.464     96.965      7.572    32.4900    24.8652    1489.59 -9.990e-29
        888 137.451065      7.642    10.7506  36.298092     3.4883 2.2847e+01    273.383     96.933      7.572    32.4902    24.8654    1489.59 -9.990e-29
        889 137.451065      7.642    10.7502  36.297943     3.5382 2.2811e+01    273.349     96.917      7.573    32.4905    24.8657    1489.59 -9.990e-29
        890 137.451065      7.643    10.7497  36.297840     3.4682 2.2819e+01    273.373     96.923      7.573    32.4907    24.8660    1489.59 -9.990e-29
        891 137.451065      7.644    10.7494  36.297779     4.1261 2.2718e+01    273.401     96.934      7.574    32.4910    24.8663    1489.59 -9.990e-29
        892 137.451080      7.645    10.7491  36.297733     3.7879 2.2682e+01    273.569     96.994      7.575    32.4912    24.8665    1489.59 -9.990e-29
        893 137.451080      7.646    10.7490  36.297665     3.3859 2.2698e+01    273.608     97.008      7.576    32.4912    24.8665    1489.59 -9.990e-29
        894 137.451080      7.647    10.7489  36.297562     3.6289 2.2602e+01    273.676     97.032      7.577    32.4912    24.8665    1489.59 -9.990e-29
        895 137.451080      7.647    10.7487  36.297409     3.7078 2.2591e+01    273.857     97.097      7.577    32.4912    24.8666    1489.58 -9.990e-29
        896 137.451080      7.647    10.7484  36.297192     3.4220 2.2587e+01    273.933     97.124      7.578    32.4913    24.8667    1489.58 -9.990e-29
        897 137.451096      7.647    10.7479  36.296867     3.6406 2.2670e+01    273.938     97.125      7.578    32.4914    24.8668    1489.58 -9.990e-29
        898 137.451096      7.647    10.7473  36.296467     3.9881 2.2376e+01    273.765     97.064      7.577    32.4915    24.8670    1489.58 -9.990e-29
        899 137.451096      7.647    10.7465  36.296043     3.7199 2.2559e+01    273.920     97.119      7.577    32.4918    24.8674    1489.58 -9.990e-29
        900 137.451096      7.646    10.7456  36.295567     3.3989 2.2341e+01    273.732     97.053      7.576    32.4922    24.8678    1489.57 -9.990e-29
        901 137.451096      7.645    10.7444  36.295013     3.2932 2.2309e+01    273.757     97.062      7.576    32.4926    24.8684    1489.57 -9.990e-29
        902 137.451096      7.645    10.7431  36.294506     4.4610 2.2380e+01    273.607     97.009      7.576    32.4933    24.8691    1489.57 -9.990e-29
        903 137.451111      7.645    10.7419  36.294102     3.7728 2.2523e+01    273.654     97.026      7.576    32.4940    24.8699    1489.56 -9.990e-29
        904 137.451111      7.646    10.7407  36.293686     3.4472 2.2491e+01    273.615     97.012      7.576    32.4946    24.8706    1489.56 -9.990e-29
        905 137.451111      7.646    10.7397  36.293152     3.5630 2.2475e+01    273.673     97.032      7.577    32.4950    24.8711    1489.56 -9.990e-29
        906 137.451111      7.647    10.7385  36.292648     3.5697 2.2467e+01    273.826     97.086      7.577    32.4956    24.8717    1489.55 -9.990e-29
        907 137.451111      7.647    10.7373  36.292374     3.8828 2.2471e+01    273.798     97.075      7.577    32.4963    24.8725    1489.55 -9.990e-29
        908 137.451126      7.648    10.7364  36.292328     4.0292 2.2606e+01    273.941     97.124      7.578    32.4971    24.8732    1489.55 -9.990e-29
        909 137.451126      7.648    10.7359  36.292377     3.5240 2.2614e+01    273.840     97.088      7.578    32.4976    24.8737    1489.55 -9.990e-29
        910 137.451126      7.648    10.7357  36.292404     3.5664 2.2503e+01    273.765     97.060      7.578    32.4978    24.8739    1489.55 -9.990e-29
        911 137.451126      7.648    10.7356  36.292393     3.5559 2.2400e+01    273.694     97.034      7.579    32.4978    24.8740    1489.55 -9.990e-29
        912 137.451126      7.649    10.7356  36.292370     3.6104 2.2432e+01    273.341     96.909      7.579    32.4978    24.8740    1489.55 -9.990e-29
        913 137.451141      7.649    10.7356  36.292347     3.3557 2.2487e+01    273.249     96.875      7.579    32.4978    24.8740    1489.55 -9.990e-29
        914 137.451141      7.649    10.7356  36.292316     3.4967 2.2575e+01    273.214     96.862      7.579    32.4978    24.8740    1489.55 -9.990e-29
        915 137.451141      7.649    10.7356  36.292316     3.4636 2.2452e+01    273.087     96.817      7.580    32.4978    24.8740    1489.55 -9.990e-29
        916 137.451141      7.649    10.7356  36.292385     3.3926 2.2487e+01    273.066     96.809      7.580    32.4979    24.8740    1489.55 -9.990e-29
        917 137.451141      7.649    10.7356  36.292461     3.9012 2.2630e+01    273.152     96.839      7.580    32.4979    24.8741    1489.55 -9.990e-29
        918 137.451141      7.649    10.7357  36.292480     3.5701 2.2690e+01    273.169     96.845      7.580    32.4979    24.8740    1489.55 -9.990e-29
        919 137.451157      7.649    10.7358  36.292458     3.2160 2.2694e+01    273.057     96.805      7.580    32.4978    24.8739    1489.55 -9.990e-29
