Day_2_Loch_Creran/2024-05-16/sbe19p_5262_20240516_c2.cnv
* Sea-Bird SBE 19plus Data File:
* FileName = C:\Data\sbe55_sbe19p_5262\2024-05-16\sbe19p_5262_20240516_C2041.hex
* Software Version SeatermAF 2.1.4
* Temperature SN = 5262
* Conductivity SN = 5262
* System UpLoad Time = May 16 2024 11:13:38 (localtime) = May 16 2024 11:13:38 (UTC)
* ds
* SeacatPlus V 1.6b  SERIAL NO. 5262    16 May 2024  11:14:43
# nquan = 14                                
# nvalues = 1603                        
# units = specified
# name 0 = scan: Scan Count
# name 1 = timeJ: Julian Days
# name 2 = prdM: Pressure, Strain Gauge [db]
# name 3 = tv290C: Temperature [ITS-90, deg C]
# name 4 = c0mS/cm: Conductivity [mS/cm]
# name 5 = wetStar: Fluorescence, WET Labs WETstar [mg/m^3]
# name 6 = par: PAR/Irradiance, Biospherical/Licor [umol photons/m^2/sec]
# name 7 = sbeox0Mm/L: Oxygen, SBE 43 [umol/l]
# name 8 = sbeox0PS: Oxygen, SBE 43 [% saturation]
# name 9 = depSM: Depth [salt water, m], lat = 56
# name 10 = sal00: Salinity, Practical [PSU]
# name 11 = sigma-é00: Density [sigma-theta, kg/m^3]
# name 12 = svCM: Sound Velocity [Chen-Millero, m/s]
# name 13 = flag: flag
# span 0 =        301,       1903       
# span 1 = 137.461761, 137.466400       
# span 2 =     -0.216,     26.133       
# span 3 =    10.2475,    11.8479       
# span 4 =   1.086026,  36.596554       
# span 5 =     0.1435,    10.6496       
# span 6 = 7.0793e-02, 4.1796e+02       
# span 7 =    236.415,    336.181       
# span 8 =     71.588,    108.841       
# span 9 =     -0.214,     25.894       
# span 10 =     0.7394,    32.6708      
# span 11 =     0.1329,    25.0905      
# span 12 =    1454.06,    1492.52      
# span 13 = 0.0000e+00, 0.0000e+00      
# interval = seconds: 0.25
# start_time = May 16 2024 11:03:41 [Instrument's time stamp, header]
# bad_flag = -9.990e-29
*END*
[from data line 517]
        818 137.463257     15.745    10.3954  36.102386     5.2839 2.0051e+00    266.928     93.971     15.601    32.6082    25.0186    1488.60 0.0000e+00
        819 137.463257     15.797    10.3923  36.100601     5.1400 1.9583e+00    266.953     93.975     15.652    32.6092    25.0198    1488.59 0.0000e+00
        820 137.463257     15.849    10.3895  36.099144     5.0090 1.9351e+00    266.902     93.951     15.704    32.6102    25.0212    1488.58 0.0000e+00
        821 137.463257     15.901    10.3870  36.098305     4.9599 1.9695e+00    266.926     93.955     15.755    32.6116    25.0227    1488.58 0.0000e+00
        822 137.463272     15.953    10.3850  36.097889     4.9839 1.9150e+00    266.874     93.934     15.807    32.6129    25.0240    1488.57 0.0000e+00
        823 137.463272     16.005    10.3838  36.097466     4.5357 1.9097e+00    266.978     93.968     15.859    32.6136    25.0248    1488.57 0.0000e+00
        824 137.463272     16.057    10.3828  36.096893     4.3809 1.8968e+00    266.804     93.905     15.910    32.6138    25.0251    1488.57 0.0000e+00
        825 137.463272     16.108    10.3819  36.096260     4.5122 1.8612e+00    266.713     93.871     15.961    32.6140    25.0254    1488.57 0.0000e+00
        826 137.463272     16.159    10.3810  36.095650     5.2994 1.8435e+00    266.705     93.865     16.011    32.6142    25.0257    1488.56 0.0000e+00
        827 137.463287     16.210    10.3800  36.095047     4.9037 1.8120e+00    266.411     93.759     16.062    32.6145    25.0261    1488.56 0.0000e+00
        828 137.463287     16.261    10.3790  36.094418     4.6683 1.7865e+00    266.291     93.713     16.112    32.6147    25.0265    1488.56 0.0000e+00
        829 137.463287     16.312    10.3779  36.093727     5.9175 1.7535e+00    266.138     93.657     16.163    32.6149    25.0268    1488.56 0.0000e+00
        830 137.463287     16.363    10.3768  36.093029     5.4975 1.7266e+00    265.906     93.574     16.213    32.6152    25.0272    1488.55 0.0000e+00
        831 137.463287     16.413    10.3756  36.092411     5.1190 1.7120e+00    265.653     93.484     16.263    32.6156    25.0278    1488.55 0.0000e+00
        832 137.463303     16.463    10.3745  36.091854     4.6054 1.6922e+00    265.644     93.481     16.313    32.6161    25.0283    1488.55 0.0000e+00
        833 137.463303     16.514    10.3735  36.091274     4.9834 1.6848e+00    265.774     93.526     16.363    32.6164    25.0287    1488.54 0.0000e+00
        834 137.463303     16.564    10.3726  36.090546     5.1223 1.6579e+00    265.720     93.507     16.412    32.6164    25.0289    1488.54 0.0000e+00
        835 137.463303     16.614    10.3716  36.089481     4.8806 1.6375e+00    265.744     93.515     16.462    32.6162    25.0289    1488.54 0.0000e+00
        836 137.463303     16.665    10.3705  36.087986     4.8626 1.6267e+00    265.857     93.555     16.512    32.6157    25.0287    1488.54 0.0000e+00
        837 137.463303     16.715    10.3689  36.086300     5.6250 1.6031e+00    266.048     93.622     16.563    32.6154    25.0287    1488.53 0.0000e+00
        838 137.463318     16.766    10.3671  36.084839     5.9796 1.5371e+00    265.979     93.598     16.613    32.6156    25.0292    1488.53 0.0000e+00
        839 137.463318     16.817    10.3651  36.083721     5.6498 1.5280e+00    265.912     93.575     16.663    32.6162    25.0300    1488.52 0.0000e+00
        840 137.463318     16.868    10.3634  36.082783     5.6129 1.4521e+00    265.764     93.523     16.714    32.6168    25.0307    1488.52 0.0000e+00
        841 137.463318     16.919    10.3618  36.081871     5.6787 1.4384e+00    265.761     93.521     16.765    32.6172    25.0313    1488.51 0.0000e+00
        842 137.463318     16.971    10.3605  36.080902     5.6263 1.4248e+00    265.750     93.516     16.815    32.6174    25.0317    1488.51 0.0000e+00
        843 137.463333     17.022    10.3592  36.079872     5.1475 1.4064e+00    265.556     93.447     16.866    32.6175    25.0321    1488.50 0.0000e+00
        844 137.463333     17.074    10.3579  36.078835     4.9238 1.3965e+00    265.435     93.402     16.918    32.6176    25.0323    1488.50 0.0000e+00
        845 137.463333     17.125    10.3566  36.077923     5.7388 1.3778e+00    265.365     93.377     16.969    32.6179    25.0327    1488.50 0.0000e+00
        846 137.463333     17.177    10.3553  36.077213     5.5801 1.3551e+00    265.340     93.368     17.020    32.6182    25.0332    1488.49 0.0000e+00
        847 137.463333     17.229    10.3543  36.076756     5.8365 1.3335e+00    265.250     93.336     17.072    32.6187    25.0338    1488.49 0.0000e+00
        848 137.463348     17.281    10.3534  36.076530     5.1832 1.3150e+00    265.375     93.379     17.123    32.6193    25.0344    1488.49 0.0000e+00
        849 137.463348     17.332    10.3527  36.076412     4.8529 1.2510e+00    265.297     93.351     17.174    32.6197    25.0348    1488.49 0.0000e+00
        850 137.463348     17.384    10.3523  36.076340     5.1769 1.2906e+00    265.278     93.344     17.225    32.6200    25.0351    1488.49 0.0000e+00
        851 137.463348     17.435    10.3520  36.076286     4.8932 1.2707e+00    265.340     93.365     17.275    32.6202    25.0354    1488.49 0.0000e+00
        852 137.463348     17.486    10.3517  36.076221     5.6573 1.2652e+00    265.266     93.339     17.326    32.6203    25.0355    1488.49 0.0000e+00
        853 137.463364     17.537    10.3516  36.076191     5.2780 1.2487e+00    265.279     93.343     17.376    32.6204    25.0356    1488.49 0.0000e+00
        854 137.463364     17.588    10.3514  36.076214     4.7749 1.1820e+00    265.327     93.360     17.427    32.6206    25.0357    1488.49 0.0000e+00
        855 137.463364     17.639    10.3513  36.076305     4.9003 1.1619e+00    265.078     93.272     17.477    32.6208    25.0359    1488.49 0.0000e+00
        856 137.463364     17.690    10.3512  36.076408     5.3808 1.1588e+00    264.731     93.150     17.528    32.6209    25.0361    1488.49 0.0000e+00
        857 137.463364     17.741    10.3511  36.076416     5.7505 1.1258e+00    264.516     93.074     17.579    32.6210    25.0361    1488.49 0.0000e+00
        858 137.463364     17.792    10.3510  36.076252     6.0484 1.1024e+00    264.375     93.024     17.630    32.6209    25.0361    1488.49 0.0000e+00
        859 137.463379     17.844    10.3508  36.075893     5.8579 1.0983e+00    264.323     93.005     17.681    32.6207    25.0359    1488.49 0.0000e+00
        860 137.463379     17.896    10.3505  36.075420     5.2155 1.0832e+00    264.142     92.940     17.732    32.6205    25.0358    1488.49 0.0000e+00
        861 137.463379     17.948    10.3501  36.074959     5.7874 1.0840e+00    264.039     92.904     17.784    32.6204    25.0358    1488.49 0.0000e+00
        862 137.463379     18.000    10.3496  36.074615     8.3257 1.0707e+00    264.137     92.939     17.835    32.6204    25.0359    1488.49 0.0000e+00
        863 137.463379     18.051    10.3492  36.074482     9.7310 1.0635e+00    264.236     92.975     17.886    32.6206    25.0362    1488.49 0.0000e+00
        864 137.463394     18.103    10.3488  36.074448     8.6925 1.0413e+00    264.369     93.022     17.937    32.6209    25.0365    1488.49 0.0000e+00
        865 137.463394     18.155    10.3485  36.074337     8.3736 1.0273e+00    264.522     93.076     17.989    32.6211    25.0366    1488.49 0.0000e+00
        866 137.463394     18.206    10.3482  36.074139     6.8982 1.0041e+00    264.827     93.183     18.040    32.6211    25.0367    1488.49 0.0000e+00
        867 137.463394     18.258    10.3480  36.073963     6.6103 1.0037e+00    265.027     93.253     18.091    32.6211    25.0368    1488.49 0.0000e+00
        868 137.463394     18.310    10.3477  36.073872     6.3678 9.9533e-01    265.120     93.282     18.143    32.6213    25.0369    1488.49 0.0000e+00
        869 137.463409     18.362    10.3474  36.073818     5.5730 9.8137e-01    265.075     93.262     18.194    32.6214    25.0371    1488.49 0.0000e+00
        870 137.463409     18.414    10.3472  36.073792     5.6481 9.6926e-01    265.011     93.234     18.246    32.6215    25.0372    1488.49 0.0000e+00
        871 137.463409     18.466    10.3471  36.073769     6.3136 9.6022e-01    265.028     93.235     18.297    32.6216    25.0373    1488.49 0.0000e+00
        872 137.463409     18.517    10.3470  36.073738     7.1084 9.4364e-01    264.925     93.195     18.348    32.6217    25.0374    1488.49 0.0000e+00
        873 137.463409     18.569    10.3469  36.073689     7.5301 9.3644e-01    264.946     93.201     18.399    32.6217    25.0374    1488.49 0.0000e+00
        874 137.463425     18.620    10.3467  36.073528     7.3761 9.2519e-01    264.901     93.183     18.450    32.6216    25.0374    1488.49 0.0000e+00
        875 137.463425     18.672    10.3466  36.073292     6.5260 9.0725e-01    265.014     93.221     18.501    32.6215    25.0373    1488.49 0.0000e+00
        876 137.463425     18.723    10.3464  36.073135     5.7698 8.8262e-01    265.037     93.228     18.552    32.6215    25.0374    1488.49 0.0000e+00
        877 137.463425     18.775    10.3462  36.073067     5.6922 8.7416e-01    265.291     93.317     18.603    32.6216    25.0375    1488.49 0.0000e+00
        878 137.463425     18.826    10.3460  36.073032     5.6414 8.4527e-01    265.163     93.272     18.654    32.6217    25.0376    1488.49 0.0000e+00
        879 137.463425     18.878    10.3458  36.073063     5.7895 8.5828e-01    264.884     93.173     18.705    32.6219    25.0377    1488.49 0.0000e+00
        880 137.463440     18.930    10.3458  36.073120     5.3594 8.5646e-01    264.803     93.145     18.757    32.6219    25.0378    1488.49 0.0000e+00
        881 137.463440     18.982    10.3458  36.073090     5.4635 8.4756e-01    264.467     93.026     18.808    32.6219    25.0377    1488.49 0.0000e+00
        882 137.463440     19.034    10.3458  36.072880     5.4324 8.2570e-01    264.163     92.918     18.859    32.6216    25.0375    1488.49 0.0000e+00
        883 137.463440     19.086    10.3457  36.072453     5.3796 8.1615e-01    263.873     92.815     18.911    32.6213    25.0373    1488.49 0.0000e+00
        884 137.463440     19.139    10.3454  36.071732     6.2121 8.0061e-01    263.660     92.738     18.964    32.6208    25.0370    1488.49 0.0000e+00
        885 137.463455     19.192    10.3448  36.070580     5.7346 7.9487e-01    263.468     92.671     19.017    32.6202    25.0366    1488.49 0.0000e+00
        886 137.463455     19.246    10.3437  36.069103     6.3510 7.8993e-01    263.576     92.707     19.070    32.6197    25.0364    1488.49 0.0000e+00
        887 137.463455     19.300    10.3421  36.067650     6.2952 7.8213e-01    263.564     92.703     19.124    32.6196    25.0366    1488.48 0.0000e+00
        888 137.463455     19.354    10.3403  36.066380     5.3175 7.6852e-01    263.431     92.656     19.177    32.6199    25.0371    1488.48 0.0000e+00
        889 137.463455     19.409    10.3384  36.065319     5.3779 7.4661e-01    263.482     92.673     19.231    32.6205    25.0379    1488.47 0.0000e+00
        890 137.463470     19.463    10.3367  36.064503     4.9776 7.3933e-01    263.424     92.653     19.285    32.6212    25.0388    1488.47 0.0000e+00
        891 137.463470     19.517    10.3353  36.063862     4.8135 7.1451e-01    263.320     92.616     19.338    32.6218    25.0395    1488.46 0.0000e+00
        892 137.463470     19.571    10.3341  36.063362     5.6083 7.0487e-01    262.996     92.501     19.392    32.6223    25.0401    1488.46 0.0000e+00
        893 137.463470     19.625    10.3332  36.063004     5.5344 6.4455e-01    262.963     92.488     19.446    32.6228    25.0406    1488.46 0.0000e+00
        894 137.463470     19.679    10.3324  36.062778     5.5243 6.3184e-01    262.884     92.460     19.499    32.6232    25.0411    1488.46 0.0000e+00
        895 137.463470     19.733    10.3319  36.062634     5.2491 6.1025e-01    262.871     92.454     19.553    32.6236    25.0414    1488.46 0.0000e+00
        896 137.463486     19.787    10.3314  36.062515     5.2205 5.8813e-01    262.854     92.448     19.606    32.6238    25.0417    1488.46 0.0000e+00
        897 137.463486     19.842    10.3311  36.062389     5.8915 5.5087e-01    262.808     92.431     19.660    32.6240    25.0419    1488.46 0.0000e+00
        898 137.463486     19.896    10.3307  36.062214     6.3774 5.4442e-01    263.223     92.577     19.714    32.6241    25.0420    1488.46 0.0000e+00
        899 137.463486     19.949    10.3304  36.061935     6.0061 5.2023e-01    263.136     92.546     19.767    32.6241    25.0421    1488.46 0.0000e+00
        900 137.463486     20.002    10.3300  36.061630     5.1588 5.1747e-01    263.323     92.612     19.819    32.6241    25.0422    1488.46 0.0000e+00
        901 137.463501     20.055    10.3295  36.061394     5.2818 5.0593e-01    263.074     92.523     19.871    32.6243    25.0424    1488.46 0.0000e+00
        902 137.463501     20.107    10.3290  36.061203     5.5247 5.5098e-01    262.573     92.346     19.923    32.6246    25.0427    1488.45 0.0000e+00
        903 137.463501     20.159    10.3285  36.061028     5.9343 5.4508e-01    262.571     92.344     19.974    32.6248    25.0429    1488.45 0.0000e+00
        904 137.463501     20.211    10.3281  36.060875     5.1655 5.4254e-01    262.536     92.331     20.026    32.6249    25.0431    1488.45 0.0000e+00
        905 137.463501     20.263    10.3278  36.060738     4.9259 5.3727e-01    262.557     92.339     20.078    32.6251    25.0433    1488.45 0.0000e+00
        906 137.463516     20.316    10.3275  36.060596     5.6578 5.0066e-01    262.602     92.354     20.130    32.6252    25.0434    1488.45 0.0000e+00
        907 137.463516     20.370    10.3273  36.060436     5.4064 5.2826e-01    262.673     92.378     20.183    32.6252    25.0435    1488.45 0.0000e+00
        908 137.463516     20.424    10.3270  36.060253     5.4194 4.9218e-01    262.665     92.375     20.237    32.6252    25.0435    1488.45 0.0000e+00
        909 137.463516     20.479    10.3268  36.060047     5.6506 4.9635e-01    262.669     92.376     20.292    32.6252    25.0436    1488.45 0.0000e+00
        910 137.463516     20.535    10.3264  36.059841     5.3053 5.0645e-01    262.705     92.388     20.347    32.6253    25.0437    1488.45 0.0000e+00
        911 137.463531     20.591    10.3260  36.059673     5.2310 5.0148e-01    262.699     92.386     20.402    32.6255    25.0439    1488.45 0.0000e+00
        912 137.463531     20.647    10.3256  36.059521     5.3233 4.9503e-01    262.519     92.321     20.458    32.6257    25.0441    1488.45 0.0000e+00
        913 137.463531     20.702    10.3252  36.059406     4.7455 5.0025e-01    262.380     92.272     20.513    32.6259    25.0444    1488.45 0.0000e+00
        914 137.463531     20.758    10.3249  36.059357     4.8596 4.9953e-01    262.550     92.331     20.568    32.6261    25.0446    1488.45 0.0000e+00
        915 137.463531     20.813    10.3246  36.059299     4.9641 4.9666e-01    262.639     92.362     20.622    32.6262    25.0448    1488.45 0.0000e+00
        916 137.463531     20.867    10.3244  36.059128     4.4010 4.7845e-01    262.639     92.360     20.676    32.6262    25.0448    1488.45 0.0000e+00
        917 137.463547     20.921    10.3242  36.058830     4.8554 4.6186e-01    262.716     92.385     20.730    32.6261    25.0447    1488.45 0.0000e+00
        918 137.463547     20.975    10.3239  36.058533     4.8126 4.3395e-01    262.770     92.402     20.783    32.6260    25.0447    1488.45 0.0000e+00
        919 137.463547     21.029    10.3236  36.058338     5.4232 4.2608e-01    262.753     92.394     20.837    32.6261    25.0449    1488.45 0.0000e+00
