Day_2_Loch_Creran/2024-05-16/sbe19p_5262_20240516_c5.cnv
* Sea-Bird SBE 19plus Data File:
* FileName = C:\Data\sbe55_sbe19p_5262\2024-05-16\sbe19p_5262_20240516_c5044.hex
* Software Version SeatermAF 2.1.4
* Temperature SN = 5262
* Conductivity SN = 5262
* System UpLoad Time = May 16 2024 12:37:04 (localtime) = May 16 2024 12:37:04 (UTC)
* ds
* SeacatPlus V 1.6b  SERIAL NO. 5262    16 May 2024  12:38:10
# nquan = 14                                
# nvalues = 1008                        
# units = specified
# name 0 = scan: Scan Count
# name 1 = timeJ: Julian Days
# name 2 = prdM: Pressure, Strain Gauge [db]
# name 3 = tv290C: Temperature [ITS-90, deg C]
# name 4 = c0mS/cm: Conductivity [mS/cm]
# name 5 = wetStar: Fluorescence, WET Labs WETstar [mg/m^3]
# name 6 = par: PAR/Irradiance, Biospherical/Licor [umol photons/m^2/sec]
# name 7 = sbeox0Mm/L: Oxygen, SBE 43 [umol/l]
# name 8 = sbeox0PS: Oxygen, SBE 43 [% saturation]
# name 9 = depSM: Depth [salt water, m], lat = 56
# name 10 = sal00: Salinity, Practical [PSU]
# name 11 = sigma-é00: Density [sigma-theta, kg/m^3]
# name 12 = svCM: Sound Velocity [Chen-Millero, m/s]
# name 13 = flag: flag
# span 0 =        301,       1308       
# span 1 = 137.522507, 137.525421       
# span 2 =     -0.209,     20.857       
# span 3 =    10.0669,    12.0702       
# span 4 =   1.930070,  36.680779       
# span 5 =     0.1464,    20.8041       
# span 6 = 2.1517e-01, 8.3108e+02       
# span 7 =    229.248,    346.258       
# span 8 =     68.530,    111.571       
# span 9 =     -0.207,     20.666       
# span 10 =     1.3624,    32.6400      
# span 11 =     0.6507,    25.0970      
# span 12 =    1453.72,    1493.16      
# span 13 = 0.0000e+00, 0.0000e+00      
# interval = seconds: 0.25
# start_time = May 16 2024 12:31:10 [Instrument's time stamp, header]
# bad_flag = -9.990e-29
*END*
[from data line 930]
       1231 137.525208      0.183    11.5061  36.448643     1.4917 6.7039e+02    310.164     95.051      0.181    31.9796    24.3345    1491.51 0.0000e+00
       1232 137.525208      0.143    11.5030  36.430634     1.7544 6.6080e+02    296.474     90.474      0.142    31.9647    24.3235    1491.48 0.0000e+00
       1233 137.525208      0.103    11.5003  36.403820     1.3487 6.5836e+02    282.153     85.994      0.102    31.9410    24.3055    1491.44 0.0000e+00
       1234 137.525208      0.065    11.4953  36.362995     1.8933 6.5123e+02    270.070     81.803      0.064    31.9054    24.2788    1491.38 0.0000e+00
       1235 137.525208      0.027    11.4871  36.297207     1.1527 6.7559e+02    259.046     78.098      0.027    31.8483    24.2359    1491.28 0.0000e+00
       1236 137.525223     -0.009    11.4770  36.189243     1.6298 6.4838e+02    248.472     75.046     -0.009    31.7518    24.1627    1491.13 0.0000e+00
       1237 137.525223     -0.042    11.4662  36.013184     0.4532 6.6886e+02    241.350     72.778     -0.042    31.5894    24.0385    1490.90 0.0000e+00
       1238 137.525223     -0.072    11.4544  35.724808     0.2769 6.8744e+02    237.451     71.002     -0.072    31.3185    23.8302    1490.53 0.0000e+00
       1239 137.525223     -0.099    11.4410  35.249512     0.2841 6.8720e+02    234.211     69.941     -0.098    30.8673    23.4821    1489.94 -9.990e-29
       1240 137.525223     -0.122    11.4264  34.463242     0.4137 7.0049e+02    231.493     69.249     -0.121    30.1162    22.9015    1488.99 -9.990e-29
       1241 137.525238     -0.141    11.4112  33.158741     0.2824 6.8395e+02    229.768     68.790     -0.139    28.8673    21.9347    1487.44 -9.990e-29
       1242 137.525238     -0.155    11.3968  30.990019     0.4922 6.4587e+02    229.248     68.563     -0.154    26.7972    20.3312    1484.91 -9.990e-29
       1243 137.525238     -0.166    11.3843  27.379786     0.2820 6.3585e+02    229.700     68.530     -0.165    23.3856    17.6891    1480.79 -9.990e-29
       1244 137.525238     -0.175    11.3744  22.400272     0.2874 7.4387e+02    230.106     68.589     -0.174    18.7695    14.1167    1475.24 -9.990e-29
       1245 137.525238     -0.182    11.3666  17.585585     0.3197 7.5546e+02    230.278     68.653     -0.180    14.4178    10.7513    1470.02 -9.990e-29
       1246 137.525253     -0.187    11.3601  14.290848     0.5480 7.5347e+02    230.812     68.791     -0.186    11.5116     8.5042    1466.52 -9.990e-29
       1247 137.525253     -0.192    11.3540  12.354095     0.2828 7.5070e+02    231.554     68.919     -0.190     9.8341     7.2072    1464.49 -9.990e-29
       1248 137.525253     -0.195    11.3482  11.069178     0.2299 7.5241e+02    232.472     69.108     -0.193     8.7353     6.3575    1463.15 -9.990e-29
       1249 137.525253     -0.197    11.3424  10.060048     0.2358 7.5149e+02    232.681     69.215     -0.196     7.8808     5.6967    1462.10 -9.990e-29
       1250 137.525253     -0.199    11.3371   9.211745     0.2371 7.5188e+02    233.419     69.396     -0.198     7.1685     5.1457    1461.22 -9.990e-29
       1251 137.525253     -0.201    11.3325   8.457269     0.2320 7.3387e+02    233.645     69.537     -0.199     6.5397     4.6592    1460.45 -9.990e-29
       1252 137.525269     -0.202    11.3285   7.755292     0.2304 7.5360e+02    234.207     69.669     -0.200     5.9591     4.2097    1459.73 -9.990e-29
       1253 137.525269     -0.203    11.3248   7.150641     0.3025 7.4714e+02    234.913     69.845     -0.202     5.4626     3.8252    1459.12 -9.990e-29
       1254 137.525269     -0.204    11.3211   6.655731     0.2413 7.5149e+02    235.728     69.983     -0.202     5.0589     3.5126    1458.62 -9.990e-29
       1255 137.525269     -0.205    11.3174   6.169159     0.2736 7.8193e+02    236.410     70.114     -0.203     4.6645     3.2070    1458.13 -9.990e-29
       1256 137.525269     -0.206    11.3137   5.685891     0.8862 7.7373e+02    237.185     70.281     -0.204     4.2752     2.9054    1457.64 -9.990e-29
       1257 137.525284     -0.206    11.3098   5.332579     0.9655 7.7523e+02    237.713     70.386     -0.204     3.9924     2.6863    1457.29 -9.990e-29
       1258 137.525284     -0.206    11.3059   5.133058     0.5325 7.7823e+02    238.463     70.494     -0.204     3.8336     2.5634    1457.08 -9.990e-29
       1259 137.525284     -0.206    11.3022   4.989023     0.2669 7.5919e+02    239.030     70.514     -0.204     3.7193     2.4751    1456.93 -9.990e-29
       1260 137.525284     -0.206    11.2989   4.825582     0.2803 7.7156e+02    239.439     70.667     -0.204     3.5898     2.3749    1456.76 -9.990e-29
       1261 137.525284     -0.206    11.2960   4.644588     0.5002 7.5839e+02    238.627     70.695     -0.204     3.4467     2.2640    1456.57 -9.990e-29
       1262 137.525299     -0.206    11.2935   4.486319     1.1837 7.7782e+02    239.826     70.746     -0.204     3.3219     2.1674    1456.41 -9.990e-29
       1263 137.525299     -0.206    11.2912   4.360655     1.0952 7.6966e+02    240.547     70.849     -0.204     3.2231     2.0908    1456.28 -9.990e-29
       1264 137.525299     -0.206    11.2890   4.242979     1.0566 7.4570e+02    241.010     70.911     -0.204     3.1308     2.0193    1456.16 -9.990e-29
       1265 137.525299     -0.206    11.2869   4.123533     1.1007 7.7359e+02    241.462     71.045     -0.205     3.0372     1.9468    1456.04 -9.990e-29
       1266 137.525299     -0.207    11.2848   4.025097     1.2542 7.8234e+02    240.760     71.100     -0.205     2.9603     1.8873    1455.94 -9.990e-29
       1267 137.525314     -0.207    11.2828   3.961294     1.2563 7.9817e+02    240.672     71.184     -0.205     2.9106     1.8489    1455.87 -9.990e-29
       1268 137.525314     -0.207    11.2808   3.919039     1.0944 8.1389e+02    240.890     71.177     -0.205     2.8778     1.8235    1455.82 -9.990e-29
       1269 137.525314     -0.207    11.2789   3.876527     1.1787 8.2323e+02    241.084     71.239     -0.205     2.8447     1.7981    1455.77 -9.990e-29
       1270 137.525314     -0.207    11.2769   3.805716     1.2601 8.2802e+02    241.560     71.369     -0.205     2.7897     1.7555    1455.70 -9.990e-29
       1271 137.525314     -0.207    11.2750   3.691345     1.1879 8.1919e+02    241.754     71.396     -0.205     2.7008     1.6866    1455.58 -9.990e-29
       1272 137.525314     -0.207    11.2731   3.540815     0.9718 8.3108e+02    242.051     71.452     -0.205     2.5841     1.5960    1455.43 -9.990e-29
       1273 137.525330     -0.207    11.2712   3.372657     0.8892 8.2208e+02    242.314     71.486     -0.205     2.4542     1.4951    1455.27 -9.990e-29
       1274 137.525330     -0.207    11.2692   3.200161     0.8837 8.2193e+02    242.824     71.595     -0.205     2.3214     1.3920    1455.10 -9.990e-29
       1275 137.525330     -0.207    11.2671   3.023664     0.3185 7.8994e+02    242.996     71.619     -0.205     2.1860     1.2869    1454.92 -9.990e-29
       1276 137.525330     -0.207    11.2647   2.848652     0.1980 7.8717e+02    243.302     71.679     -0.205     2.0524     1.1831    1454.75 -9.990e-29
       1277 137.525330     -0.207    11.2620   2.710172     0.1754 7.6065e+02    243.459     71.700     -0.205     1.9471     1.1014    1454.61 -9.990e-29
       1278 137.525345     -0.207    11.2589   2.642597     0.1666 8.0479e+02    243.355     71.652     -0.206     1.8959     1.0619    1454.54 -9.990e-29
       1279 137.525345     -0.208    11.2554   2.587237     0.1607 8.0394e+02    243.725     71.740     -0.206     1.8541     1.0297    1454.47 -9.990e-29
       1280 137.525345     -0.208    11.2517   2.472467     0.1586 7.8786e+02    243.824     71.758     -0.206     1.7675     0.9626    1454.35 -9.990e-29
       1281 137.525345     -0.208    11.2479   2.351200     0.1582 8.0027e+02    243.884     71.775     -0.206     1.6762     0.8918    1454.23 -9.990e-29
       1282 137.525345     -0.208    11.2442   2.303378     0.1502 7.7088e+02    243.824     71.754     -0.206     1.6404     0.8643    1454.17 -9.990e-29
       1283 137.525360     -0.208    11.2407   2.361559     0.1582 7.7618e+02    244.052     71.802     -0.206     1.6843     0.8990    1454.21 -9.990e-29
       1284 137.525360     -0.208    11.2375   2.499216     0.1636 7.8372e+02    244.279     71.860     -0.206     1.7884     0.9804    1454.32 -9.990e-29
       1285 137.525360     -0.208    11.2346   2.623993     0.1653 7.8028e+02    244.265     71.840     -0.206     1.8830     1.0545    1454.43 -9.990e-29
       1286 137.525360     -0.208    11.2322   2.684405     0.1653 7.4139e+02    244.279     71.841     -0.206     1.9290     1.0906    1454.48 -9.990e-29
       1287 137.525360     -0.208    11.2301   2.698444     0.1632 7.7577e+02    244.271     71.852     -0.206     1.9398     1.0992    1454.48 -9.990e-29
       1288 137.525360     -0.208    11.2285   2.681544     0.1565 7.8056e+02    244.344     71.872     -0.206     1.9271     1.0894    1454.46 -9.990e-29
       1289 137.525375     -0.208    11.2272   2.636794     0.1578 7.5945e+02 -9.990e-29 -9.990e-29     -0.206     1.8931     1.0631    1454.41 -9.990e-29
       1290 137.525375     -0.208    11.2260   2.571167     0.1573 7.6966e+02 -9.990e-29 -9.990e-29     -0.206     1.8434     1.0245    1454.35 -9.990e-29
       1291 137.525375     -0.208    11.2250   2.492741     0.1502 7.7495e+02 -9.990e-29 -9.990e-29     -0.206     1.7841     0.9784    1454.27 -9.990e-29
       1292 137.525375     -0.209    11.2241   2.410748     0.1519 7.5599e+02 -9.990e-29 -9.990e-29     -0.207     1.7222     0.9303    1454.19 -9.990e-29
       1293 137.525375     -0.209    11.2233   2.332283     0.1498 7.1078e+02 -9.990e-29 -9.990e-29     -0.207     1.6631     0.8843    1454.12 -9.990e-29
       1294 137.525391     -0.209    11.2226   2.259863     0.1540 8.2295e+02 -9.990e-29 -9.990e-29     -0.207     1.6086     0.8419    1454.05 -9.990e-29
       1295 137.525391     -0.209    11.2219   2.195135     0.1498 6.2874e+02 -9.990e-29 -9.990e-29     -0.207     1.5601     0.8041    1453.98 -9.990e-29
       1296 137.525391     -0.209    11.2212   2.139240     0.1511 8.1317e+02 -9.990e-29 -9.990e-29     -0.207     1.5182     0.7716    1453.93 -9.990e-29
       1297 137.525391     -0.209    11.2205   2.092606     0.1544 7.4518e+02 -9.990e-29 -9.990e-29     -0.207     1.4834     0.7445    1453.89 -9.990e-29
       1298 137.525391     -0.209    11.2198   2.056179     0.1527 7.5360e+02 -9.990e-29 -9.990e-29     -0.207     1.4562     0.7234    1453.85 -9.990e-29
       1299 137.525406     -0.209    11.2191   2.028174     0.1527 7.6575e+02 -9.990e-29 -9.990e-29     -0.207     1.4353     0.7072    1453.82 -9.990e-29
       1300 137.525406     -0.209    11.2183   2.003104     0.1490 7.6065e+02 -9.990e-29 -9.990e-29     -0.207     1.4167     0.6927    1453.80 -9.990e-29
       1301 137.525406     -0.209    11.2176   1.978232     0.1464 7.6750e+02 -9.990e-29 -9.990e-29     -0.207     1.3982     0.6783    1453.77 -9.990e-29
       1302 137.525406     -0.209    11.2168   1.955791     0.1490 7.4780e+02 -9.990e-29 -9.990e-29     -0.207     1.3815     0.6654    1453.75 -9.990e-29
       1303 137.525406     -0.209    11.2161   1.939048     0.1532 6.9400e+02 -9.990e-29 -9.990e-29     -0.207     1.3691     0.6558    1453.73 -9.990e-29
       1304 137.525421     -0.208    11.2155   1.930961     0.1473 6.6921e+02 -9.990e-29 -9.990e-29     -0.206     1.3631     0.6512    1453.72 -9.990e-29
       1305 137.525421     -0.208    11.2150   1.930070     0.1485 7.1428e+02 -9.990e-29 -9.990e-29     -0.206     1.3624     0.6507    1453.72 -9.990e-29
       1306 137.525421     -0.208    11.2149   1.930716     0.1519 7.2784e+02 -9.990e-29 -9.990e-29     -0.206     1.3629     0.6511    1453.72 -9.990e-29
       1307 137.525421     -0.208 -9.990e-29 -9.990e-29     0.1477 7.5453e+02 -9.990e-29 -9.990e-29     -0.206 -9.990e-29 -9.990e-29 -9.990e-29 -9.990e-29
       1308 137.525421     -0.208 -9.990e-29 -9.990e-29     0.1469 7.4898e+02 -9.990e-29 -9.990e-29     -0.206 -9.990e-29 -9.990e-29 -9.990e-29 -9.990e-29
