Day_2_Loch_Creran/2024-05-16/sbe19p_5262_20240516_c1.cnv
* Sea-Bird SBE 19plus Data File:
* FileName = C:\Data\sbe55_sbe19p_5262\2024-05-16\sbe19p_5262_20240516_C1040.hex
* Software Version SeatermAF 2.1.4
* Temperature SN = 5262
* Conductivity SN = 5262
* System UpLoad Time = May 16 2024 10:54:57 (localtime) = May 16 2024 10:54:57 (UTC)
* ds
* SeacatPlus V 1.6b  SERIAL NO. 5262    16 May 2024  10:56:01
# nquan = 14                                
# nvalues = 1505                        
# units = specified
# name 0 = scan: Scan Count
# name 1 = timeJ: Julian Days
# name 2 = prdM: Pressure, Strain Gauge [db]
# name 3 = tv290C: Temperature [ITS-90, deg C]
# name 4 = c0mS/cm: Conductivity [mS/cm]
# name 5 = wetStar: Fluorescence, WET Labs WETstar [mg/m^3]
# name 6 = par: PAR/Irradiance, Biospherical/Licor [umol photons/m^2/sec]
# name 7 = sbeox0Mm/L: Oxygen, SBE 43 [umol/l]
# name 8 = sbeox0PS: Oxygen, SBE 43 [% saturation]
# name 9 = depSM: Depth [salt water, m], lat = 56
# name 10 = sal00: Salinity, Practical [PSU]
# name 11 = sigma-é00: Density [sigma-theta, kg/m^3]
# name 12 = svCM: Sound Velocity [Chen-Millero, m/s]
# name 13 = flag: flag
# span 0 =        301,       1805       
# span 1 = 137.449356, 137.453720       
# span 2 =     -0.215,     12.047       
# span 3 =    10.7144,    11.5904       
# span 4 =   2.122625,  36.673622       
# span 5 =     0.1448,     5.9523       
# span 6 = 6.9575e+00, 5.2836e+02       
# span 7 =    233.302,    313.826       
# span 8 =     69.464,    100.930       
# span 9 =     -0.213,     11.937       
# span 10 =     1.5166,    32.5074      
# span 11 =     0.7987,    24.8845      
# span 12 =    1452.90,    1491.98      
# span 13 = 0.0000e+00, 0.0000e+00      
# interval = seconds: 0.25
# start_time = May 16 2024 10:45:50 [Instrument's time stamp, header]
# bad_flag = -9.990e-29
*END*
        301 137.449356      0.637    11.3667  36.572472     2.5274 2.1602e+02    278.734    100.058      0.632    32.2216    24.5476    1491.32 -9.990e-29
        302 137.449371      0.638    11.3693  36.574440     2.4955 2.1689e+02    278.663    100.034      0.633    32.2212    24.5468    1491.33 -9.990e-29
        303 137.449371      0.640    11.3715  36.576443     2.6659 2.1435e+02    278.668    100.037      0.634    32.2213    24.5465    1491.34 -9.990e-29
        304 137.449371      0.641    11.3735  36.578430     2.4724 2.1443e+02    278.599    100.014      0.635    32.2214    24.5462    1491.34 -9.990e-29
        305 137.449371      0.642    11.3764  36.580475     2.8555 2.1496e+02    278.750    100.073      0.636    32.2209    24.5453    1491.35 -9.990e-29
        306 137.449371      0.643    11.3804  36.582466     2.6726 2.1624e+02    278.896    100.131      0.637    32.2194    24.5434    1491.37 -9.990e-29
        307 137.449387      0.644    11.3847  36.584217     2.5110 2.1609e+02    279.277    100.273      0.638    32.2174    24.5411    1491.38 -9.990e-29
        308 137.449387      0.644    11.3885  36.585739     2.3507 2.1556e+02    279.301    100.285      0.638    32.2155    24.5390    1491.39 -9.990e-29
        309 137.449387      0.644    11.3915  36.587070     2.1883 2.1598e+02    279.415    100.325      0.638    32.2142    24.5374    1491.40 -9.990e-29
        310 137.449387      0.644    11.3941  36.588020     2.2802 2.1636e+02    279.424    100.324      0.638    32.2129    24.5359    1491.41 -9.990e-29
        311 137.449387      0.644    11.3963  36.588421     2.0494 2.1613e+02    279.329    100.290      0.639    32.2113    24.5343    1491.41 -9.990e-29
        312 137.449402      0.645    11.3976  36.588459     2.2983 2.1405e+02    279.044    100.191      0.639    32.2102    24.5332    1491.42 -9.990e-29
        313 137.449402      0.645    11.3976  36.588486     2.1136 2.1750e+02    278.777    100.105      0.639    32.2103    24.5332    1491.42 -9.990e-29
        314 137.449402      0.645    11.3969  36.588764     2.2836 2.1681e+02    278.430     99.997      0.639    32.2111    24.5340    1491.41 -9.990e-29
        315 137.449402      0.645    11.3964  36.589401     2.1388 2.1477e+02    278.235     99.938      0.639    32.2122    24.5350    1491.41 -9.990e-29
        316 137.449402      0.645    11.3967  36.590233     2.6138 2.1583e+02    278.296     99.969      0.639    32.2128    24.5354    1491.41 -9.990e-29
        317 137.449417      0.644    11.3976  36.590992     2.3683 2.1670e+02    278.638    100.095      0.639    32.2127    24.5351    1491.42 -9.990e-29
        318 137.449417      0.644    11.3987  36.591602     2.2706 2.1405e+02    278.733    100.128      0.638    32.2123    24.5347    1491.42 -9.990e-29
        319 137.449417      0.644    11.3998  36.592175     2.4216 2.1708e+02    279.024    100.235      0.639    32.2120    24.5342    1491.42 -9.990e-29
        320 137.449417      0.645    11.4008  36.592827     2.4518 2.1541e+02    279.292    100.339      0.639    32.2117    24.5338    1491.43 -9.990e-29
        321 137.449417      0.645    11.4018  36.593750     2.3608 2.1556e+02    279.616    100.460      0.639    32.2117    24.5336    1491.43 -9.990e-29
        322 137.449417      0.645    11.4031  36.594975     2.4636 2.1613e+02    279.932    100.576      0.639    32.2119    24.5335    1491.44 -9.990e-29
        323 137.449432      0.645    11.4046  36.596249     2.5790 2.1439e+02    279.996    100.606      0.639    32.2118    24.5331    1491.44 -9.990e-29
        324 137.449432      0.645    11.4064  36.597240     2.5916 2.1571e+02    280.148    100.665      0.639    32.2112    24.5324    1491.45 -9.990e-29
        325 137.449432      0.644    11.4082  36.597839     2.3776 2.1394e+02    280.473    100.781      0.639    32.2102    24.5313    1491.45 -9.990e-29
        326 137.449432      0.644    11.4096  36.598217     2.5198 2.1477e+02    280.372    100.744      0.638    32.2093    24.5303    1491.46 -9.990e-29
        327 137.449432      0.643    11.4106  36.598663     2.1241 2.1443e+02    280.149    100.665      0.638    32.2089    24.5298    1491.46 -9.990e-29
        328 137.449448      0.643    11.4115  36.599453     2.3465 2.1492e+02    279.833    100.563      0.637    32.2089    24.5296    1491.46 -9.990e-29
        329 137.449448      0.643    11.4129  36.600716     2.2441 2.1609e+02    279.385    100.418      0.637    32.2089    24.5294    1491.47 -9.990e-29
        330 137.449448      0.643    11.4154  36.602406     2.3113 2.1447e+02    279.129    100.339      0.637    32.2084    24.5286    1491.47 -9.990e-29
        331 137.449448      0.643    11.4190  36.604294     2.3843 2.1405e+02    278.944    100.289      0.637    32.2071    24.5269    1491.49 -9.990e-29
        332 137.449448      0.643    11.4235  36.606148     2.2525 2.1697e+02    278.824    100.256      0.637    32.2050    24.5245    1491.50 -9.990e-29
        333 137.449463      0.643    11.4280  36.607796     2.1992 2.1545e+02    278.954    100.309      0.637    32.2027    24.5219    1491.51 -9.990e-29
        334 137.449463      0.642    11.4318  36.609196     2.4456 2.1379e+02    279.098    100.362      0.637    32.2007    24.5196    1491.52 -9.990e-29
        335 137.449463      0.643    11.4348  36.610447     2.2412 2.1278e+02    279.339    100.452      0.637    32.1993    24.5181    1491.53 -9.990e-29
        336 137.449463      0.643    11.4371  36.611656     2.2584 2.1530e+02    279.732    100.603      0.637    32.1985    24.5170    1491.54 -9.990e-29
        337 137.449463      0.643    11.4393  36.612873     2.2156 2.1274e+02    279.848    100.662      0.637    32.1978    24.5160    1491.55 -9.990e-29
        338 137.449463      0.643    11.4417  36.614101     2.3213 2.1244e+02    280.096    100.758      0.637    32.1969    24.5149    1491.55 -9.990e-29
        339 137.449478      0.643    11.4441  36.615280     2.5496 2.1583e+02    280.366    100.851      0.637    32.1959    24.5138    1491.56 -9.990e-29
        340 137.449478      0.643    11.4464  36.616333     2.5555 2.1401e+02    280.535    100.905      0.638    32.1949    24.5125    1491.57 -9.990e-29
        341 137.449478      0.643    11.4487  36.617283     2.5496 2.1511e+02    280.591    100.930      0.638    32.1939    24.5113    1491.57 -9.990e-29
        342 137.449478      0.644    11.4508  36.618183     2.3688 2.1586e+02    280.449    100.879      0.638    32.1929    24.5102    1491.58 -9.990e-29
        343 137.449478      0.644    11.4527  36.619083     2.3516 2.1477e+02    280.295    100.819      0.638    32.1922    24.5093    1491.59 -9.990e-29
        344 137.449493      0.644    11.4549  36.620136     2.3545 2.1571e+02    280.181    100.778      0.638    32.1913    24.5082    1491.59 -9.990e-29
        345 137.449493      0.644    11.4581  36.621445     2.3511 2.1579e+02    279.926    100.690      0.638    32.1898    24.5065    1491.60 -9.990e-29
        346 137.449493      0.644    11.4627  36.622902     2.5148 2.1450e+02    279.673    100.602      0.639    32.1872    24.5036    1491.61 -9.990e-29
        347 137.449493      0.644    11.4685  36.624313     2.6499 2.1398e+02    279.309    100.466      0.639    32.1835    24.4997    1491.63 -9.990e-29
        348 137.449493      0.644    11.4749  36.625504     2.4980 2.1259e+02    279.124    100.402      0.639    32.1791    24.4951    1491.65 -9.990e-29
        349 137.449509      0.644    11.4813  36.626526     2.6004 2.1720e+02    278.973    100.350      0.639    32.1746    24.4905    1491.66 -9.990e-29
        350 137.449509      0.645    11.4869  36.627514     2.2907 2.1739e+02    278.749    100.265      0.639    32.1707    24.4864    1491.68 -9.990e-29
        351 137.449509      0.645    11.4914  36.628487     2.3851 2.1480e+02    278.489    100.171      0.639    32.1677    24.4832    1491.69 -9.990e-29
        352 137.449509      0.645    11.4953  36.629566     2.3927 2.1330e+02    278.406    100.142      0.639    32.1654    24.4808    1491.70 -9.990e-29
        353 137.449509      0.645    11.4988  36.631073     2.2605 2.1492e+02    278.569    100.202      0.639    32.1638    24.4789    1491.71 -9.990e-29
        354 137.449524      0.645    11.5026  36.632915     2.4325 2.1522e+02    278.813    100.289      0.639    32.1623    24.4771    1491.72 -9.990e-29
        355 137.449524      0.645    11.5061  36.634583     2.6558 2.1518e+02    279.123    100.401      0.639    32.1608    24.4753    1491.73 -9.990e-29
        356 137.449524      0.645    11.5087  36.635723     2.5656 2.1567e+02    279.229    100.438      0.639    32.1598    24.4740    1491.74 -9.990e-29
        357 137.449524      0.645    11.5098  36.636372     2.3826 2.1632e+02    279.623    100.580      0.639    32.1594    24.4735    1491.75 -9.990e-29
        358 137.449524      0.645    11.5101  36.636738     2.5362 2.1496e+02    279.853    100.662      0.639    32.1595    24.4735    1491.75 -9.990e-29
        359 137.449524      0.645    11.5103  36.636978     2.3130 2.1640e+02    279.981    100.706      0.640    32.1595    24.4735    1491.75 -9.990e-29
        360 137.449539      0.646    11.5103  36.637245     2.3599 2.1477e+02    280.008    100.716      0.640    32.1598    24.4737    1491.75 -9.990e-29
        361 137.449539      0.646    11.5100  36.637749     2.5282 2.1503e+02    279.906    100.678      0.640    32.1605    24.4743    1491.75 -9.990e-29
        362 137.449539      0.647    11.5099  36.638561     2.4145 2.1480e+02    279.826    100.646      0.641    32.1615    24.4751    1491.75 -9.990e-29
        363 137.449539      0.647    11.5099  36.639496     2.6554 2.1514e+02    279.674    100.589      0.641    32.1624    24.4758    1491.75 -9.990e-29
        364 137.449539      0.647    11.5098  36.640301     2.5626 2.1326e+02    279.574    100.566      0.642    32.1632    24.4765    1491.75 -9.990e-29
        365 137.449554      0.648    11.5097  36.640823     2.5337 2.1341e+02    279.494    100.550      0.642    32.1639    24.4770    1491.75 -9.990e-29
        366 137.449554      0.648    11.5096  36.641064     2.4476 2.1628e+02    279.501    100.558      0.642    32.1642    24.4772    1491.75 -9.990e-29
        367 137.449554      0.648    11.5095  36.641071     2.5127 2.1394e+02    279.540    100.572      0.642    32.1643    24.4773    1491.75 -9.990e-29
        368 137.449554      0.648    11.5092  36.640984     2.5240 2.1304e+02    279.528    100.568      0.642    32.1644    24.4775    1491.75 -9.990e-29
        369 137.449554      0.648    11.5090  36.640877     2.5530 2.1326e+02    279.749    100.643      0.643    32.1645    24.4776    1491.75 -9.990e-29
        370 137.449570      0.648    11.5090  36.640659     2.5303 2.1420e+02    279.877    100.683      0.643    32.1643    24.4774    1491.75 -9.990e-29
        371 137.449570      0.649    11.5091  36.640381     2.2811 2.1409e+02    279.606    100.583      0.643    32.1639    24.4771    1491.75 -9.990e-29
        372 137.449570      0.649    11.5092  36.640160     2.3134 2.1439e+02    279.498    100.546      0.643    32.1637    24.4769    1491.75 -9.990e-29
        373 137.449570      0.649    11.5091  36.639938     2.4691 2.1492e+02    279.449    100.533      0.643    32.1635    24.4768    1491.75 -9.990e-29
        374 137.449570      0.650    11.5090  36.639687     2.4821 2.1447e+02    279.420    100.528      0.644    32.1633    24.4767    1491.75 -9.990e-29
        375 137.449585      0.650    11.5088  36.639523     2.5358 2.1454e+02    279.262    100.474      0.644    32.1633    24.4767    1491.75 -9.990e-29
        376 137.449585      0.651    11.5085  36.639584     2.8060 2.1594e+02    279.334    100.500      0.645    32.1637    24.4770    1491.75 -9.990e-29
        377 137.449585      0.652    11.5081  36.639889     2.4506 2.1488e+02    279.364    100.514      0.646    32.1643    24.4777    1491.75 -9.990e-29
        378 137.449585      0.653    11.5077  36.640343     2.4145 2.1575e+02    279.451    100.547      0.647    32.1651    24.4783    1491.75 -9.990e-29
        379 137.449585      0.653    11.5075  36.640835     2.3545 2.1526e+02    279.667    100.623      0.647    32.1657    24.4788    1491.75 -9.990e-29
        380 137.449585      0.654    11.5078  36.641464     2.3499 2.1431e+02    279.782    100.664      0.648    32.1661    24.4791    1491.75 -9.990e-29
        381 137.449600      0.654    11.5089  36.642475     2.4615 2.1322e+02    279.838    100.684      0.648    32.1661    24.4789    1491.75 -9.990e-29
        382 137.449600      0.654    11.5111  36.643681     2.5458 2.1477e+02    279.856    100.690      0.648    32.1654    24.4779    1491.76 -9.990e-29
        383 137.449600      0.654    11.5139  36.644630     2.5328 2.1447e+02    280.097    100.780      0.648    32.1639    24.4763    1491.77 -9.990e-29
        384 137.449600      0.654    11.5161  36.645134     2.3742 2.1401e+02    280.173    100.809      0.648    32.1625    24.4748    1491.77 -9.990e-29
        385 137.449600      0.654    11.5173  36.645283     2.6541 2.1594e+02    280.107    100.787      0.648    32.1616    24.4739    1491.77 -9.990e-29
        386 137.449615      0.654    11.5176  36.645252     2.6201 2.1522e+02    280.306    100.859      0.648    32.1613    24.4736    1491.78 -9.990e-29
        387 137.449615      0.654    11.5172  36.645111     2.5500 2.1480e+02    280.343    100.869      0.648    32.1615    24.4738    1491.77 -9.990e-29
        388 137.449615      0.654    11.5165  36.645023     2.3348 2.1368e+02    280.103    100.779      0.648    32.1620    24.4743    1491.77 -9.990e-29
        389 137.449615      0.653    11.5161  36.645302     2.6566 2.1255e+02    279.964    100.727      0.647    32.1626    24.4748    1491.77 -9.990e-29
        390 137.449615      0.653    11.5165  36.645836     2.5740 2.0848e+02    279.849    100.684      0.647    32.1629    24.4750    1491.77 -9.990e-29
        391 137.449631      0.653    11.5175  36.646217     2.4418 1.9833e+02    279.718    100.637      0.647    32.1623    24.4744    1491.78 -9.990e-29
        392 137.449631      0.653    11.5190  36.646294     2.6197 2.0065e+02    279.373    100.517      0.647    32.1611    24.4732    1491.78 -9.990e-29
        393 137.449631      0.652    11.5203  36.646263     2.5823 2.0445e+02    279.309    100.495      0.646    32.1599    24.4720    1491.78 -9.990e-29
        394 137.449631      0.651    11.5214  36.646309     2.3566 2.0463e+02    279.258    100.475      0.645    32.1590    24.4711    1491.79 -9.990e-29
        395 137.449631      0.651    11.5223  36.646416     2.2446 2.0622e+02    279.437    100.535      0.645    32.1584    24.4704    1491.79 -9.990e-29
        396 137.449631      0.650    11.5229  36.646492     2.4170 2.0012e+02    279.551    100.573      0.644    32.1579    24.4700    1491.79 -9.990e-29
        397 137.449646      0.650    11.5231  36.646542     2.3637 1.9924e+02    279.456    100.546      0.644    32.1578    24.4698    1491.79 -9.990e-29
        398 137.449646      0.649    11.5233  36.646610     2.2756 2.0057e+02    279.602    100.598      0.643    32.1577    24.4697    1491.79 -9.990e-29
        399 137.449646      0.649    11.5235  36.646660     2.4577 1.9802e+02    279.530    100.559      0.643    32.1576    24.4696    1491.79 -9.990e-29
        400 137.449646      0.650    11.5239  36.646679     2.5119 1.9840e+02    279.609    100.569      0.644    32.1572    24.4693    1491.79 -9.990e-29
        401 137.449646      0.650    11.5244  36.646641     2.4359 1.9798e+02    279.487    100.522      0.644    32.1567    24.4688    1491.79 -9.990e-29
        402 137.449661      0.650    11.5250  36.646435     2.3323 1.9931e+02    279.388    100.492      0.644    32.1560    24.4682    1491.79 -9.990e-29
        403 137.449661      0.651    11.5253  36.646034     2.4435 1.9956e+02    279.082    100.389      0.645    32.1553    24.4675    1491.79 -9.990e-29
