Day_2_Loch_Creran/2024-05-16/sbe19p_5262_20240516_c6.cnv
* Sea-Bird SBE 19plus Data File:
* FileName = C:\Data\sbe55_sbe19p_5262\2024-05-16\sbe19p_5262_20240516_c6045.hex
* Software Version SeatermAF 2.1.4
* Temperature SN = 5262
* Conductivity SN = 5262
* System UpLoad Time = May 16 2024 12:56:21 (localtime) = May 16 2024 12:56:21 (UTC)
* ds
* SeacatPlus V 1.6b  SERIAL NO. 5262    16 May 2024  12:57:14
# nquan = 14                                
# nvalues = 1192                        
# units = specified
# name 0 = scan: Scan Count
# name 1 = timeJ: Julian Days
# name 2 = prdM: Pressure, Strain Gauge [db]
# name 3 = tv290C: Temperature [ITS-90, deg C]
# name 4 = c0mS/cm: Conductivity [mS/cm]
# name 5 = wetStar: Fluorescence, WET Labs WETstar [mg/m^3]
# name 6 = par: PAR/Irradiance, Biospherical/Licor [umol photons/m^2/sec]
# name 7 = sbeox0Mm/L: Oxygen, SBE 43 [umol/l]
# name 8 = sbeox0PS: Oxygen, SBE 43 [% saturation]
# name 9 = depSM: Depth [salt water, m], lat = 56
# name 10 = sal00: Salinity, Practical [PSU]
# name 11 = sigma-é00: Density [sigma-theta, kg/m^3]
# name 12 = svCM: Sound Velocity [Chen-Millero, m/s]
# name 13 = flag: flag
# span 0 =        301,       1492       
# span 1 = 137.535065, 137.538498       
# span 2 =     -0.203,     27.268       
# span 3 =     9.9719,    13.0209       
# span 4 =   2.350122,  36.367313       
# span 5 =     0.1477,    18.1785       
# span 6 = 1.0000e-12, 5.6963e+02       
# span 7 =    219.317,    338.771       
# span 8 =     69.059,    111.674       
# span 9 =     -0.201,     27.018       
# span 10 =     1.6758,    32.6153      
# span 11 =     0.8926,    25.0943      
# span 12 =    1454.19,    1494.97      
# span 13 = 0.0000e+00, 0.0000e+00      
# interval = seconds: 0.25
# start_time = May 16 2024 12:49:14 [Instrument's time stamp, header]
# bad_flag = -9.990e-29
*END*
[from data line 1033]
       1334 137.538040      4.072    10.6905  36.267437     5.1408 5.1894e+01    303.412    107.636      4.035    32.5147    24.8948    1489.35 0.0000e+00
       1335 137.538055      4.018    10.6954  36.272453     5.2524 5.3235e+01    303.078    107.539      3.981    32.5153    24.8945    1489.36 0.0000e+00
       1336 137.538055      3.965    10.7021  36.276878     4.8701 5.3800e+01    302.927    107.507      3.929    32.5138    24.8922    1489.39 0.0000e+00
       1337 137.538055      3.913    10.7095  36.280144     5.0283 5.6497e+01    302.955    107.541      3.877    32.5105    24.8883    1489.41 0.0000e+00
       1338 137.538055      3.862    10.7163  36.282089     4.8319 5.7197e+01    303.002    107.558      3.827    32.5064    24.8839    1489.43 0.0000e+00
       1339 137.538055      3.812    10.7214  36.282551     5.0753 5.6936e+01    303.051    107.575      3.777    32.5024    24.8799    1489.44 0.0000e+00
       1340 137.538071      3.762    10.7242  36.282543     4.9402 5.8263e+01    303.025    107.562      3.728    32.4999    24.8775    1489.44 0.0000e+00
       1341 137.538071      3.713    10.7253  36.283390     5.0581 5.8541e+01    303.010    107.557      3.679    32.4998    24.8772    1489.45 0.0000e+00
       1342 137.538071      3.664    10.7262  36.284904     5.1702 5.9037e+01    302.917    107.527      3.630    32.5005    24.8776    1489.45 0.0000e+00
       1343 137.538071      3.615    10.7279  36.286541     5.1664 5.9990e+01    302.933    107.538      3.582    32.5006    24.8774    1489.46 0.0000e+00
       1344 137.538071      3.567    10.7305  36.288441     5.0825 5.9884e+01    302.962    107.545      3.534    32.5002    24.8767    1489.46 0.0000e+00
       1345 137.538086      3.518    10.7337  36.290630     5.0350 5.9884e+01    303.132    107.596      3.486    32.4996    24.8756    1489.47 0.0000e+00
       1346 137.538086      3.470    10.7376  36.292782     4.5688 6.0594e+01    303.448    107.688      3.438    32.4983    24.8739    1489.49 0.0000e+00
       1347 137.538086      3.422    10.7419  36.294857     4.3809 6.3408e+01    303.612    107.742      3.391    32.4965    24.8718    1489.50 0.0000e+00
       1348 137.538086      3.373    10.7464  36.297180     4.6637 6.4205e+01    304.068    107.914      3.343    32.4949    24.8697    1489.51 0.0000e+00
       1349 137.538086      3.325    10.7511  36.299667     4.5596 6.5058e+01    304.413    108.042      3.294    32.4932    24.8676    1489.52 0.0000e+00
       1350 137.538086      3.275    10.7563  36.302353     4.1039 6.5748e+01    304.668    108.141      3.246    32.4913    24.8652    1489.54 0.0000e+00
       1351 137.538101      3.226    10.7620  36.305698     4.1106 6.6962e+01    305.048    108.265      3.197    32.4896    24.8629    1489.56 0.0000e+00
       1352 137.538101      3.177    10.7686  36.309269     4.3250 6.8438e+01    305.152    108.298      3.148    32.4873    24.8599    1489.58 0.0000e+00
       1353 137.538101      3.127    10.7764  36.311646     4.2432 6.8559e+01    305.276    108.337      3.099    32.4828    24.8551    1489.60 0.0000e+00
       1354 137.538101      3.078    10.7847  36.311932     4.2185 6.9567e+01    305.516    108.417      3.050    32.4756    24.8481    1489.62 0.0000e+00
       1355 137.538101      3.029    10.7925  36.309952     4.3540 6.9518e+01    305.616    108.467      3.001    32.4668    24.8398    1489.63 0.0000e+00
       1356 137.538116      2.980    10.7985  36.306480     4.4912 7.1126e+01    305.618    108.472      2.952    32.4580    24.8320    1489.64 0.0000e+00
       1357 137.538116      2.931    10.8024  36.303154     4.2810 7.1427e+01    305.876    108.563      2.904    32.4513    24.8260    1489.65 0.0000e+00
       1358 137.538116      2.882    10.8048  36.300331     4.2655 7.2083e+01    306.073    108.639      2.855    32.4464    24.8218    1489.65 0.0000e+00
       1359 137.538116      2.833    10.8068  36.297302     3.9730 7.2388e+01    306.118    108.645      2.807    32.4416    24.8178    1489.65 0.0000e+00
       1360 137.538116      2.784    10.8086  36.293686     3.8681 7.3906e+01    306.333    108.740      2.759    32.4364    24.8134    1489.65 0.0000e+00
       1361 137.538132      2.736    10.8100  36.289383     4.1668 7.3349e+01    306.256    108.720      2.711    32.4309    24.8088    1489.65 0.0000e+00
       1362 137.538132      2.689    10.8104  36.284679     3.9491 7.4861e+01    306.353    108.762      2.664    32.4259    24.8049    1489.64 0.0000e+00
       1363 137.538132      2.641    10.8098  36.279621     3.6474 7.5575e+01    306.344    108.772      2.617    32.4215    24.8015    1489.63 0.0000e+00
       1364 137.538132      2.595    10.8092  36.273811     3.5315 7.7133e+01    306.491    108.848      2.571    32.4162    24.7975    1489.63 0.0000e+00
       1365 137.538132      2.548    10.8100  36.267803     3.5198 7.6350e+01    306.260    108.782      2.525    32.4096    24.7922    1489.62 0.0000e+00
       1366 137.538147      2.501    10.8119  36.262653     3.9948 7.8751e+01    306.504    108.872      2.479    32.4028    24.7866    1489.62 0.0000e+00
       1367 137.538147      2.455    10.8138  36.259132     3.8425 7.9670e+01    306.436    108.876      2.433    32.3976    24.7822    1489.62 0.0000e+00
       1368 137.538147      2.409    10.8146  36.257450     3.6574 8.0345e+01    306.428    108.907      2.387    32.3953    24.7803    1489.62 0.0000e+00
       1369 137.538147      2.362    10.8142  36.256767     3.8912 8.2813e+01    306.210    108.847      2.341    32.3950    24.7802    1489.61 0.0000e+00
       1370 137.538147      2.316    10.8133  36.256294     3.8001 8.1469e+01    305.846    108.722      2.295    32.3953    24.7805    1489.61 0.0000e+00
       1371 137.538147      2.270    10.8130  36.255527     3.4535 7.7678e+01    305.554    108.619      2.249    32.3948    24.7802    1489.61 0.0000e+00
       1372 137.538162      2.224    10.8138  36.254547     3.8844 8.1598e+01    305.219    108.487      2.203    32.3932    24.7788    1489.61 0.0000e+00
       1373 137.538162      2.177    10.8156  36.253582     3.5571 8.2958e+01    304.931    108.388      2.158    32.3906    24.7765    1489.61 0.0000e+00
       1374 137.538162      2.131    10.8182  36.251842     3.7061 8.2247e+01    304.431    108.220      2.112    32.3866    24.7729    1489.61 0.0000e+00
       1375 137.538162      2.084    10.8214  36.248772     3.6255 8.4252e+01    304.083    108.115      2.065    32.3808    24.7678    1489.62 0.0000e+00
       1376 137.538162      2.038    10.8254  36.244209     3.6511 8.7023e+01    303.665    108.025      2.019    32.3727    24.7609    1489.62 0.0000e+00
       1377 137.538177      1.990    10.8305  36.238739     3.4745 9.3184e+01    303.363    107.975      1.972    32.3628    24.7523    1489.63 0.0000e+00
       1378 137.538177      1.943    10.8366  36.234119     3.7841 9.9816e+01    303.355    107.978      1.925    32.3529    24.7435    1489.64 0.0000e+00
       1379 137.538177      1.896    10.8432  36.230904     3.5878 9.3020e+01    303.125    107.922      1.879    32.3438    24.7353    1489.65 0.0000e+00
       1380 137.538177      1.849    10.8505  36.228561     3.4455 9.4454e+01    303.118    107.945      1.832    32.3351    24.7272    1489.66 0.0000e+00
       1381 137.538177      1.802    10.8587  36.227043     3.7099 9.8421e+01    303.178    107.982      1.785    32.3264    24.7190    1489.68 0.0000e+00
       1382 137.538193      1.755    10.8676  36.226292     3.4531 9.7013e+01    303.384    108.064      1.739    32.3178    24.7108    1489.70 0.0000e+00
       1383 137.538193      1.708    10.8768  36.225639     3.6083 1.0567e+02    303.635    108.153      1.693    32.3091    24.7024    1489.72 0.0000e+00
       1384 137.538193      1.662    10.8865  36.224617     3.6058 1.0713e+02    303.767    108.164      1.647    32.2995    24.6932    1489.74 0.0000e+00
       1385 137.538193      1.615    10.8971  36.223515     3.7447 1.0874e+02    303.761    108.193      1.601    32.2891    24.6832    1489.77 0.0000e+00
       1386 137.538193      1.569    10.9077  36.222538     3.7162 1.1104e+02    302.985    108.079      1.555    32.2788    24.6734    1489.79 0.0000e+00
       1387 137.538193      1.523    10.9166  36.221649     3.6176 1.1212e+02    302.383    108.073      1.509    32.2701    24.6651    1489.81 0.0000e+00
       1388 137.538208      1.477    10.9231  36.220955     3.6092 1.1135e+02    302.436    108.227      1.464    32.2637    24.6589    1489.83 0.0000e+00
       1389 137.538208      1.431    10.9278  36.220455     3.5013 1.1481e+02    302.721    108.389      1.418    32.2591    24.6545    1489.84 0.0000e+00
       1390 137.538208      1.385    10.9323  36.219963     3.6620 1.1558e+02    303.389    108.624      1.373    32.2547    24.6503    1489.85 0.0000e+00
       1391 137.538208      1.339    10.9385  36.219456     3.6201 1.1850e+02    303.902    108.769      1.327    32.2488    24.6446    1489.86 0.0000e+00
       1392 137.538208      1.292    10.9478  36.219276     3.0494 1.2041e+02    304.414    108.891      1.280    32.2404    24.6365    1489.88 0.0000e+00
       1393 137.538223      1.245    10.9610  36.219887     3.3998 1.2328e+02    304.372    108.885      1.234    32.2294    24.6256    1489.91 0.0000e+00
       1394 137.538223      1.198    10.9775  36.221199     3.3788 1.2470e+02    303.584    108.767      1.187    32.2162    24.6125    1489.96 0.0000e+00
       1395 137.538223      1.150    10.9944  36.222790     3.1136 1.2553e+02    302.295    108.504      1.139    32.2030    24.5992    1490.00 0.0000e+00
       1396 137.538223      1.102    11.0094  36.224487     3.1581 1.2830e+02    301.241    108.346      1.092    32.1915    24.5877    1490.04 0.0000e+00
       1397 137.538223      1.053    11.0230  36.226234     3.1018 1.2900e+02    300.632    108.308      1.044    32.1814    24.5774    1490.07 0.0000e+00
       1398 137.538239      1.005    11.0357  36.227924     3.4212 1.2907e+02    300.354    108.338      0.996    32.1719    24.5678    1490.11 0.0000e+00
       1399 137.538239      0.956    11.0474  36.229622     3.2466 1.2998e+02    300.372    108.370      0.948    32.1634    24.5591    1490.14 0.0000e+00
       1400 137.538239      0.907    11.0588  36.231621     3.3133 1.3217e+02    300.206    108.290      0.899    32.1554    24.5508    1490.17 0.0000e+00
       1401 137.538239      0.858    11.0718  36.234516     3.1262 1.3364e+02    299.619    108.076      0.850    32.1470    24.5420    1490.20 0.0000e+00
       1402 137.538239      0.809    11.0907  36.239079     3.2865 1.4041e+02    298.551    107.632      0.801    32.1349    24.5293    1490.25 0.0000e+00
       1403 137.538254      0.759    11.1229  36.245529     3.4900 1.4403e+02    296.879    106.888      0.752    32.1132    24.5067    1490.34 0.0000e+00
       1404 137.538254      0.708    11.1706  36.252445     3.1862 1.4700e+02    295.180    106.066      0.702    32.0783    24.4712    1490.46 0.0000e+00
       1405 137.538254      0.658    11.2261  36.257607     2.9701 1.4804e+02    294.174    105.521      0.652    32.0352    24.4278    1490.60 0.0000e+00
       1406 137.538254      0.608    11.2767  36.259853     2.9999 1.5562e+02    292.559    104.813      0.602    31.9934    24.3863    1490.73 0.0000e+00
       1407 137.538254      0.558    11.3150  36.259365     2.7741 1.5589e+02    291.883    104.491      0.552    31.9598    24.3534    1490.82 0.0000e+00
       1408 137.538254      0.508    11.3407  36.257217     2.8534 1.5622e+02    291.585    104.333      0.503    31.9354    24.3298    1490.88 0.0000e+00
       1409 137.538269      0.458    11.3598  36.254330     2.9839 1.5622e+02    291.083    104.115      0.454    31.9161    24.3114    1490.93 0.0000e+00
       1410 137.538269      0.409    11.3827  36.250805     2.9936 3.8140e+02    306.481    104.240      0.405    31.8929    24.2893    1490.98 0.0000e+00
       1411 137.538269      0.360    11.4214  36.245934     2.8060 4.1032e+02    338.771    103.796      0.357    31.8548    24.2527    1491.07 0.0000e+00
       1412 137.538269      0.312    11.4813  36.239002     2.7305 4.2612e+02    334.865    102.598      0.309    31.7965    24.1967    1491.21 0.0000e+00
       1413 137.538269      0.264    11.5567  36.229813     2.2357 4.3650e+02    326.579    100.453      0.261    31.7228    24.1259    1491.38 0.0000e+00
       1414 137.538284      0.216    11.6364  36.217499     1.9554 4.3880e+02    311.311     97.469      0.214    31.6427    24.0493    1491.56 0.0000e+00
       1415 137.538284      0.169    11.7084  36.201225     1.6071 4.4050e+02    295.046     93.705      0.168    31.5657    23.9765    1491.72 0.0000e+00
       1416 137.538284      0.123    11.7621  36.180889     1.6071 4.4174e+02    285.472     89.605      0.122    31.5004    23.9160    1491.82 0.0000e+00
       1417 137.538284      0.079    11.7916  36.156292     1.5241 4.4338e+02    273.879     85.297      0.079    31.4517    23.8728    1491.87 0.0000e+00
       1418 137.538284      0.037    11.7968  36.124763     1.8216 4.4965e+02    262.457     81.141      0.037    31.4168    23.8448    1491.84 0.0000e+00
       1419 137.538300     -0.002    11.7803  36.077286     1.5774 4.2784e+02    252.063     77.522     -0.002    31.3849    23.8231    1491.75 0.0000e+00
       1420 137.538300     -0.039    11.7421  35.997913     1.6562 4.3390e+02    243.612     74.695     -0.039    31.3404    23.7954    1491.56 0.0000e+00
       1421 137.538300     -0.072    11.6840  35.862354     0.6131 4.3436e+02    237.869     72.558     -0.071    31.2582    23.7422    1491.26 0.0000e+00
       1422 137.538300     -0.100    11.6135  35.631924     0.3923 4.3842e+02    233.619     71.063     -0.099    31.0942    23.6276    1490.82 -9.990e-29
       1423 137.538300     -0.122    11.5422  35.244526     0.2811 4.4690e+02    230.839     70.099     -0.121    30.7782    23.3950    1490.19 -9.990e-29
       1424 137.538315     -0.139    11.4791  34.597828     0.4788 4.4768e+02    229.295     69.463     -0.138    30.2036    22.9600    1489.28 -9.990e-29
       1425 137.538315     -0.153    11.4283  33.520504     0.3004 4.6174e+02    228.617     69.120     -0.151    29.2029    22.1921    1487.90 -9.990e-29
       1426 137.538315     -0.163    11.3897  31.726181     0.3705 4.5924e+02    228.685     69.059     -0.162    27.5067    20.8827    1485.74 -9.990e-29
       1427 137.538315     -0.171    11.3617  28.737539     0.6592 4.5940e+02    229.057     69.132     -0.170    24.6804    18.6960    1482.26 -9.990e-29
       1428 137.538315     -0.178    11.3421  24.307875     0.3059 4.7018e+02    229.010     69.082     -0.176    20.5445    15.4955    1477.24 -9.990e-29
       1429 137.538315     -0.183    11.3290  19.580963     0.4364 4.5132e+02    229.941     69.284     -0.181    16.2249    12.1546    1472.04 -9.990e-29
       1430 137.538330     -0.187    11.3202  16.297375     1.0772 4.6812e+02    230.801     69.436     -0.185    13.2899     9.8853    1468.50 -9.990e-29
       1431 137.538330     -0.190    11.3141  14.756825     0.4607 4.4816e+02    232.534     69.651     -0.188    11.9339     8.8371    1466.85 -9.990e-29
       1432 137.538330     -0.192    11.3098  14.230393     0.8657 4.6029e+02    232.562     69.793     -0.190    11.4743     8.4821    1466.29 -9.990e-29
       1433 137.538330     -0.194    11.3065  13.919774     0.4171 4.4627e+02    233.164     69.985     -0.192    11.2042     8.2735    1465.95 -9.990e-29
       1434 137.538330     -0.195    11.3037  13.320690     0.3025 4.9965e+02    233.023     69.946     -0.194    10.6837     7.8711    1465.32 -9.990e-29
       1435 137.538345     -0.196    11.3012  12.477344     0.3923 5.4228e+02    234.888     70.298     -0.195     9.9544     7.3071    1464.43 -9.990e-29
