Day_2_Loch_Creran/2024-05-16/sbe19p_5262_20240516_c2.cnv
* Sea-Bird SBE 19plus Data File:
* FileName = C:\Data\sbe55_sbe19p_5262\2024-05-16\sbe19p_5262_20240516_C2041.hex
* Software Version SeatermAF 2.1.4
* Temperature SN = 5262
* Conductivity SN = 5262
* System UpLoad Time = May 16 2024 11:13:38 (localtime) = May 16 2024 11:13:38 (UTC)
* ds
* SeacatPlus V 1.6b  SERIAL NO. 5262    16 May 2024  11:14:43
# nquan = 14                                
# nvalues = 1603                        
# units = specified
# name 0 = scan: Scan Count
# name 1 = timeJ: Julian Days
# name 2 = prdM: Pressure, Strain Gauge [db]
# name 3 = tv290C: Temperature [ITS-90, deg C]
# name 4 = c0mS/cm: Conductivity [mS/cm]
# name 5 = wetStar: Fluorescence, WET Labs WETstar [mg/m^3]
# name 6 = par: PAR/Irradiance, Biospherical/Licor [umol photons/m^2/sec]
# name 7 = sbeox0Mm/L: Oxygen, SBE 43 [umol/l]
# name 8 = sbeox0PS: Oxygen, SBE 43 [% saturation]
# name 9 = depSM: Depth [salt water, m], lat = 56
# name 10 = sal00: Salinity, Practical [PSU]
# name 11 = sigma-é00: Density [sigma-theta, kg/m^3]
# name 12 = svCM: Sound Velocity [Chen-Millero, m/s]
# name 13 = flag: flag
# span 0 =        301,       1903       
# span 1 = 137.461761, 137.466400       
# span 2 =     -0.216,     26.133       
# span 3 =    10.2475,    11.8479       
# span 4 =   1.086026,  36.596554       
# span 5 =     0.1435,    10.6496       
# span 6 = 7.0793e-02, 4.1796e+02       
# span 7 =    236.415,    336.181       
# span 8 =     71.588,    108.841       
# span 9 =     -0.214,     25.894       
# span 10 =     0.7394,    32.6708      
# span 11 =     0.1329,    25.0905      
# span 12 =    1454.06,    1492.52      
# span 13 = 0.0000e+00, 0.0000e+00      
# interval = seconds: 0.25
# start_time = May 16 2024 11:03:41 [Instrument's time stamp, header]
# bad_flag = -9.990e-29
*END*
[from data line 104]
        405 137.462067      0.667    11.8145  36.589359     2.0859 1.3661e+02    299.430    108.211      0.660    31.8508    24.1784    1492.43 -9.990e-29
        406 137.462067      0.667    11.8149  36.589142     2.1128 1.3616e+02    299.214    108.133      0.661    31.8502    24.1779    1492.44 -9.990e-29
        407 137.462067      0.667    11.8152  36.588875     2.0490 1.3477e+02    298.800    107.985      0.661    31.8498    24.1775    1492.44 -9.990e-29
        408 137.462067      0.667    11.8153  36.588749     2.1824 1.3482e+02    298.899    108.022      0.661    31.8495    24.1773    1492.44 -9.990e-29
        409 137.462067      0.667    11.8157  36.588818     2.1342 1.3496e+02    298.817    107.992      0.661    31.8493    24.1770    1492.44 -9.990e-29
        410 137.462082      0.667    11.8164  36.588993     1.8812 1.3551e+02    298.919    108.028      0.661    31.8488    24.1766    1492.44 -9.990e-29
        411 137.462082      0.668    11.8174  36.589203     1.9605 1.3414e+02    298.969    108.045      0.661    31.8482    24.1759    1492.44 -9.990e-29
        412 137.462082      0.668    11.8184  36.589516     1.9743 1.3537e+02    298.934    108.032      0.662    31.8476    24.1753    1492.44 -9.990e-29
        413 137.462082      0.668    11.8193  36.589970     2.0851 1.3546e+02    299.023    108.063      0.662    31.8473    24.1748    1492.45 -9.990e-29
        414 137.462082      0.668    11.8202  36.590469     2.1703 1.3292e+02    299.125    108.099      0.662    31.8470    24.1744    1492.45 -9.990e-29
        415 137.462082      0.668    11.8211  36.590824     2.1145 1.3355e+02    299.317    108.168      0.662    31.8466    24.1739    1492.45 -9.990e-29
        416 137.462097      0.668    11.8220  36.590912     2.0066 1.3308e+02    299.425    108.206      0.662    31.8459    24.1733    1492.45 -9.990e-29
        417 137.462097      0.668    11.8229  36.590778     1.9240 1.3385e+02    299.648    108.287      0.662    31.8450    24.1724    1492.46 -9.990e-29
        418 137.462097      0.668    11.8238  36.590614     1.8854 1.3348e+02    300.255    108.507      0.662    31.8441    24.1716    1492.46 -9.990e-29
        419 137.462097      0.667    11.8245  36.590473     2.3616 1.3219e+02    300.633    108.645      0.661    31.8433    24.1708    1492.46 -9.990e-29
        420 137.462097      0.667    11.8252  36.590340     1.9319 1.3352e+02    300.821    108.714      0.661    31.8426    24.1702    1492.46 -9.990e-29
        421 137.462112      0.667    11.8256  36.590225     1.9764 1.3334e+02    300.776    108.698      0.661    31.8421    24.1697    1492.46 -9.990e-29
        422 137.462112      0.666    11.8260  36.590130     2.1871 1.3252e+02    300.673    108.660      0.660    31.8417    24.1693    1492.46 -9.990e-29
        423 137.462112      0.666    11.8262  36.590092     1.8002 1.3154e+02    301.015    108.782      0.660    31.8415    24.1691    1492.46 -9.990e-29
        424 137.462112      0.666    11.8265  36.590088     2.1094 1.3208e+02    300.715    108.675      0.660    31.8413    24.1689    1492.46 -9.990e-29
        425 137.462112      0.666    11.8267  36.590088     1.8295 1.3352e+02    300.785    108.702      0.660    31.8411    24.1687    1492.46 -9.990e-29
        426 137.462128      0.666    11.8269  36.590065     1.7935 1.3203e+02    300.620    108.643      0.660    31.8409    24.1685    1492.47 -9.990e-29
        427 137.462128      0.666    11.8268  36.590012     2.0310 1.3078e+02    300.118    108.461      0.660    31.8409    24.1685    1492.46 -9.990e-29
        428 137.462128      0.666    11.8267  36.589916     1.9269 1.3175e+02    300.559    108.618      0.660    31.8409    24.1686    1492.46 -9.990e-29
        429 137.462128      0.666    11.8264  36.589809     2.0528 1.3182e+02    300.635    108.641      0.660    31.8411    24.1687    1492.46 -9.990e-29
        430 137.462128      0.666    11.8261  36.589706     2.1178 1.3106e+02    300.343    108.531      0.660    31.8412    24.1689    1492.46 -9.990e-29
        431 137.462143      0.666    11.8258  36.589596     1.9231 1.3159e+02    300.233    108.489      0.660    31.8414    24.1691    1492.46 -9.990e-29
        432 137.462143      0.665    11.8255  36.589500     2.1027 1.3287e+02    300.486    108.580      0.659    31.8415    24.1693    1492.46 -9.990e-29
        433 137.462143      0.665    11.8253  36.589436     2.0574 1.3092e+02    300.073    108.430      0.659    31.8417    24.1694    1492.46 -9.990e-29
        434 137.462143      0.665    11.8251  36.589394     2.0784 1.3039e+02    299.785    108.324      0.659    31.8417    24.1695    1492.46 -9.990e-29
        435 137.462143      0.665    11.8252  36.589378     2.1715 1.3012e+02    299.647    108.274      0.659    31.8417    24.1694    1492.46 -9.990e-29
        436 137.462143      0.665    11.8254  36.589352     1.8568 1.3104e+02    299.515    108.227      0.659    31.8415    24.1693    1492.46 -9.990e-29
        437 137.462158      0.665    11.8256  36.589298     2.0381 1.3090e+02    299.619    108.264      0.659    31.8412    24.1690    1492.46 -9.990e-29
        438 137.462158      0.665    11.8259  36.589188     1.6529 1.3007e+02    299.771    108.318      0.659    31.8409    24.1687    1492.46 -9.990e-29
        439 137.462158      0.665    11.8260  36.589081     2.0389 1.3042e+02    299.935    108.378      0.659    31.8407    24.1685    1492.46 -9.990e-29
        440 137.462158      0.665    11.8260  36.589081     2.0255 1.3171e+02    299.882    108.360      0.659    31.8407    24.1685    1492.46 -9.990e-29
        441 137.462158      0.665    11.8260  36.589199     1.9932 1.3094e+02    300.313    108.518      0.659    31.8409    24.1686    1492.46 -9.990e-29
        442 137.462173      0.665    11.8260  36.589310     1.7842 1.3092e+02    300.540    108.604      0.659    31.8410    24.1687    1492.46 -9.990e-29
        443 137.462173      0.665    11.8260  36.589241     1.8824 1.3044e+02    300.632    108.641      0.659    31.8409    24.1686    1492.46 -9.990e-29
        444 137.462173      0.665    11.8259  36.588932     1.8430 1.3201e+02    300.515    108.603      0.659    31.8407    24.1685    1492.46 -9.990e-29
        445 137.462173      0.665    11.8254  36.588448     2.0201 1.3117e+02    300.489    108.596      0.659    31.8406    24.1685    1492.46 -9.990e-29
        446 137.462173      0.665    11.8246  36.587868     1.9634 1.3053e+02    300.012    108.424      0.659    31.8407    24.1688    1492.46 -9.990e-29
        447 137.462189      0.665    11.8235  36.587231     1.8199 1.3185e+02    299.994    108.420      0.659    31.8410    24.1692    1492.45 -9.990e-29
        448 137.462189      0.665    11.8224  36.586647     1.6411 1.3076e+02    299.888    108.384      0.659    31.8414    24.1697    1492.45 -9.990e-29
        449 137.462189      0.665    11.8215  36.586258     1.8195 1.3127e+02    299.599    108.283      0.659    31.8418    24.1702    1492.45 -9.990e-29
        450 137.462189      0.665    11.8207  36.586090     2.0532 1.2980e+02    300.096    108.467      0.659    31.8423    24.1707    1492.45 -9.990e-29
        451 137.462189      0.665    11.8200  36.586086     1.7859 1.3217e+02    300.021    108.444      0.659    31.8429    24.1713    1492.44 -9.990e-29
        452 137.462189      0.665    11.8194  36.586212     1.7251 1.3097e+02    300.419    108.589      0.659    31.8435    24.1719    1492.44 -9.990e-29
        453 137.462204      0.665    11.8190  36.586384     1.7721 1.3289e+02    300.436    108.595      0.659    31.8440    24.1724    1492.44 -9.990e-29
        454 137.462204      0.665    11.8188  36.586544     1.8354 1.3189e+02    301.038    108.815      0.659    31.8444    24.1727    1492.44 -9.990e-29
        455 137.462204      0.665    11.8187  36.586819     1.8543 1.3104e+02    300.618    108.668      0.659    31.8448    24.1730    1492.44 -9.990e-29
        456 137.462204      0.665    11.8187  36.587227     1.9886 1.3010e+02    301.088    108.841      0.659    31.8451    24.1733    1492.44 -9.990e-29
        457 137.462204      0.665    11.8191  36.587646     1.7465 1.2801e+02    300.925    108.784      0.659    31.8452    24.1733    1492.44 -9.990e-29
        458 137.462219      0.665    11.8198  36.588020     1.6672 1.2844e+02    300.681    108.696      0.659    31.8450    24.1730    1492.45 -9.990e-29
        459 137.462219      0.665    11.8209  36.588329     1.8761 1.2859e+02    300.780    108.735      0.659    31.8444    24.1723    1492.45 -9.990e-29
        460 137.462219      0.665    11.8223  36.588654     1.8673 1.2855e+02    300.787    108.739      0.659    31.8435    24.1713    1492.45 -9.990e-29
        461 137.462219      0.665    11.8238  36.589031     1.8723 1.2887e+02    300.710    108.711      0.659    31.8425    24.1703    1492.46 -9.990e-29
        462 137.462219      0.665    11.8253  36.589485     2.1682 1.3081e+02    300.400    108.597      0.659    31.8417    24.1694    1492.46 -9.990e-29
        463 137.462234      0.665    11.8267  36.590050     2.0356 1.3129e+02    300.658    108.690      0.659    31.8411    24.1687    1492.46 -9.990e-29
        464 137.462234      0.665    11.8278  36.590698     1.7406 1.2964e+02    300.406    108.602      0.659    31.8407    24.1682    1492.47 -9.990e-29
        465 137.462234      0.665    11.8290  36.591389     1.6554 1.3023e+02    300.406    108.604      0.659    31.8404    24.1677    1492.47 -9.990e-29
        466 137.462234      0.665    11.8303  36.592045     1.9731 1.3168e+02    300.232    108.539      0.659    31.8399    24.1671    1492.48 -9.990e-29
        467 137.462234      0.666    11.8318  36.592529     1.9298 1.3143e+02    300.359    108.585      0.660    31.8391    24.1662    1492.48 -9.990e-29
        468 137.462250      0.666    11.8334  36.592827     1.9974 1.3178e+02    299.957    108.439      0.660    31.8380    24.1651    1492.48 -9.990e-29
        469 137.462250      0.666    11.8349  36.592995     2.1380 1.3329e+02    299.857    108.405      0.660    31.8369    24.1639    1492.49 -9.990e-29
        470 137.462250      0.666    11.8362  36.593147     1.9332 1.3364e+02    299.820    108.392      0.660    31.8359    24.1629    1492.49 -9.990e-29
        471 137.462250      0.666    11.8374  36.593369     2.0385 1.3327e+02    299.713    108.355      0.660    31.8351    24.1621    1492.49 -9.990e-29
        472 137.462250      0.666    11.8386  36.593708     2.0276 1.3101e+02    299.812    108.393      0.660    31.8344    24.1613    1492.50 -9.990e-29
        473 137.462250      0.666    11.8399  36.594219     2.0012 1.3367e+02    299.748    108.370      0.660    31.8337    24.1605    1492.50 -9.990e-29
        474 137.462265      0.666    11.8411  36.594788     1.9563 1.2930e+02    300.415    108.605      0.660    31.8333    24.1600    1492.51 -9.990e-29
        475 137.462265      0.666    11.8422  36.595181     2.1703 1.3157e+02    300.063    108.473      0.660    31.8327    24.1594    1492.51 -9.990e-29
        476 137.462265      0.666    11.8432  36.595310     2.0293 1.3003e+02    300.741    108.720      0.660    31.8320    24.1586    1492.51 -9.990e-29
        477 137.462265      0.666    11.8441  36.595226     1.9269 1.3252e+02    300.401    108.600      0.660    31.8312    24.1578    1492.51 -9.990e-29
        478 137.462265      0.666    11.8448  36.594963     2.0985 1.3173e+02    300.251    108.545      0.660    31.8303    24.1569    1492.51 -9.990e-29
        479 137.462280      0.666    11.8454  36.594620     2.0532 1.2984e+02    300.135    108.499      0.660    31.8295    24.1563    1492.52 -9.990e-29
        480 137.462280      0.665    11.8457  36.594288     1.8929 1.3117e+02    300.102    108.484      0.659    31.8289    24.1557    1492.52 -9.990e-29
        481 137.462280      0.665    11.8461  36.594078     1.7066 1.3141e+02    299.944    108.425      0.659    31.8283    24.1552    1492.52 -9.990e-29
        482 137.462280      0.665    11.8465  36.594097     1.8828 1.3065e+02    299.707    108.341      0.659    31.8280    24.1549    1492.52 -9.990e-29
        483 137.462280      0.664    11.8467  36.594307     1.8610 1.3014e+02    299.482    108.261      0.658    31.8280    24.1549    1492.52 -9.990e-29
        484 137.462296      0.664    11.8468  36.594616     1.9441 1.2941e+02    299.480    108.260      0.658    31.8283    24.1551    1492.52 -9.990e-29
        485 137.462296      0.664    11.8467  36.594982     1.9093 1.2973e+02    299.410    108.234      0.658    31.8287    24.1554    1492.52 -9.990e-29
        486 137.462296      0.664    11.8467  36.595406     1.8963 1.2891e+02    299.807    108.377      0.658    31.8291    24.1557    1492.52 -9.990e-29
        487 137.462296      0.663    11.8468  36.595875     1.8279 1.2844e+02    299.544    108.281      0.657    31.8294    24.1560    1492.52 -9.990e-29
        488 137.462296      0.663    11.8470  36.596294     1.9517 1.2826e+02    299.581    108.293      0.657    31.8297    24.1561    1492.52 -9.990e-29
        489 137.462311      0.663    11.8471  36.596542     2.0511 1.2871e+02    299.648    108.317      0.657    31.8298    24.1562    1492.52 -9.990e-29
        490 137.462311      0.663    11.8472  36.596554     2.0973 1.2826e+02    299.582    108.291      0.657    31.8298    24.1562    1492.52 -9.990e-29
        491 137.462311      0.662    11.8468  36.596329     2.0654 1.2971e+02    299.506    108.263      0.656    31.8299    24.1563    1492.52 -9.990e-29
        492 137.462311      0.662    11.8461  36.595993     2.1564 1.3044e+02    299.190    108.150      0.656    31.8302    24.1566    1492.52 -9.990e-29
        493 137.462311      0.661    11.8455  36.595669     2.0008 1.2959e+02    298.689    107.971      0.655    31.8304    24.1569    1492.52 -9.990e-29
        494 137.462311      0.661    11.8452  36.595303     1.9764 1.3014e+02    298.338    107.847      0.655    31.8303    24.1569    1492.52 -9.990e-29
        495 137.462326      0.660    11.8451  36.594822     2.1174 1.3003e+02    298.263    107.822      0.654    31.8299    24.1567    1492.51 -9.990e-29
        496 137.462326      0.660    11.8447  36.594265     1.9764 1.2998e+02    298.157    107.785      0.654    31.8297    24.1565    1492.51 -9.990e-29
        497 137.462326      0.659    11.8442  36.593761     2.0238 1.2927e+02    298.220    107.808      0.653    31.8297    24.1566    1492.51 -9.990e-29
        498 137.462326      0.659    11.8435  36.593376     2.0083 1.2948e+02    298.551    107.928      0.653    31.8299    24.1569    1492.51 -9.990e-29
        499 137.462326      0.659    11.8430  36.593086     1.9374 1.3003e+02    298.904    108.057      0.653    31.8300    24.1571    1492.51 -9.990e-29
        500 137.462341      0.659    11.8429  36.592831     1.9303 1.2817e+02    299.444    108.252      0.653    31.8299    24.1570    1492.51 -9.990e-29
        501 137.462341      0.658    11.8429  36.592613     1.9407 1.2733e+02    299.775    108.374      0.652    31.8297    24.1568    1492.51 -9.990e-29
        502 137.462341      0.657    11.8428  36.592457     1.7309 1.2783e+02    299.919    108.427      0.651    31.8296    24.1568    1492.51 -9.990e-29
        503 137.462341      0.657    11.8427  36.592323     1.7137 1.2889e+02    300.161    108.518      0.651    31.8296    24.1568    1492.51 -9.990e-29
        504 137.462341      0.656    11.8424  36.592190     1.9483 1.2835e+02    300.138    108.511      0.650    31.8297    24.1569    1492.51 -9.990e-29
        505 137.462357      0.656    11.8420  36.592098     1.9793 1.2765e+02    300.079    108.490      0.650    31.8299    24.1572    1492.50 -9.990e-29
        506 137.462357      0.656    11.8416  36.592030     2.0477 1.2950e+02    299.825    108.396      0.650    31.8302    24.1575    1492.50 -9.990e-29
