Day_2_Loch_Creran/2024-05-16/sbe19p_5262_20240516_c1.cnv
* Sea-Bird SBE 19plus Data File:
* FileName = C:\Data\sbe55_sbe19p_5262\2024-05-16\sbe19p_5262_20240516_C1040.hex
* Software Version SeatermAF 2.1.4
* Temperature SN = 5262
* Conductivity SN = 5262
* System UpLoad Time = May 16 2024 10:54:57 (localtime) = May 16 2024 10:54:57 (UTC)
* ds
* SeacatPlus V 1.6b  SERIAL NO. 5262    16 May 2024  10:56:01
# nquan = 14                                
# nvalues = 1505                        
# units = specified
# name 0 = scan: Scan Count
# name 1 = timeJ: Julian Days
# name 2 = prdM: Pressure, Strain Gauge [db]
# name 3 = tv290C: Temperature [ITS-90, deg C]
# name 4 = c0mS/cm: Conductivity [mS/cm]
# name 5 = wetStar: Fluorescence, WET Labs WETstar [mg/m^3]
# name 6 = par: PAR/Irradiance, Biospherical/Licor [umol photons/m^2/sec]
# name 7 = sbeox0Mm/L: Oxygen, SBE 43 [umol/l]
# name 8 = sbeox0PS: Oxygen, SBE 43 [% saturation]
# name 9 = depSM: Depth [salt water, m], lat = 56
# name 10 = sal00: Salinity, Practical [PSU]
# name 11 = sigma-é00: Density [sigma-theta, kg/m^3]
# name 12 = svCM: Sound Velocity [Chen-Millero, m/s]
# name 13 = flag: flag
# span 0 =        301,       1805       
# span 1 = 137.449356, 137.453720       
# span 2 =     -0.215,     12.047       
# span 3 =    10.7144,    11.5904       
# span 4 =   2.122625,  36.673622       
# span 5 =     0.1448,     5.9523       
# span 6 = 6.9575e+00, 5.2836e+02       
# span 7 =    233.302,    313.826       
# span 8 =     69.464,    100.930       
# span 9 =     -0.213,     11.937       
# span 10 =     1.5166,    32.5074      
# span 11 =     0.7987,    24.8845      
# span 12 =    1452.90,    1491.98      
# span 13 = 0.0000e+00, 0.0000e+00      
# interval = seconds: 0.25
# start_time = May 16 2024 10:45:50 [Instrument's time stamp, header]
# bad_flag = -9.990e-29
*END*
[from data line 413]
        714 137.450562      7.573    10.7345  36.293110     3.7837 2.6178e+01    273.193     96.877      7.504    32.4996    24.8756    1489.54 -9.990e-29
        715 137.450562      7.579    10.7352  36.293358     3.6465 2.6086e+01    273.317     96.922      7.509    32.4993    24.8752    1489.55 -9.990e-29
        716 137.450562      7.584    10.7358  36.293610     3.5269 2.6049e+01    273.611     97.026      7.515    32.4989    24.8748    1489.55 -9.990e-29
        717 137.450562      7.589    10.7365  36.293888     3.4275 2.6099e+01    273.838     97.106      7.520    32.4986    24.8744    1489.55 -9.990e-29
        718 137.450577      7.594    10.7371  36.294189     3.2189 2.6067e+01    274.011     97.167      7.525    32.4983    24.8741    1489.55 -9.990e-29
        719 137.450577      7.599    10.7378  36.294434     3.4992 2.6040e+01    273.878     97.120      7.529    32.4980    24.8737    1489.55 -9.990e-29
        720 137.450577      7.602    10.7384  36.294590     3.9914 2.6081e+01    273.811     97.096      7.533    32.4976    24.8733    1489.56 -9.990e-29
        721 137.450577      7.606    10.7390  36.294731     3.6755 2.5989e+01    273.840     97.105      7.537    32.4972    24.8729    1489.56 -9.990e-29
        722 137.450577      7.610    10.7394  36.294907     3.8018 2.5902e+01    273.589     97.016      7.540    32.4970    24.8727    1489.56 -9.990e-29
        723 137.450592      7.613    10.7399  36.295109     3.3952 2.5852e+01    273.289     96.908      7.543    32.4968    24.8724    1489.56 -9.990e-29
        724 137.450592      7.616    10.7404  36.295330     3.6171 2.5944e+01    273.278     96.904      7.546    32.4965    24.8721    1489.56 -9.990e-29
        725 137.450592      7.618    10.7410  36.295593     3.3163 2.5720e+01    272.938     96.783      7.548    32.4963    24.8718    1489.56 -9.990e-29
        726 137.450592      7.620    10.7416  36.295898     3.2336 2.5770e+01    272.815     96.740      7.550    32.4960    24.8715    1489.56 -9.990e-29
        727 137.450592      7.622    10.7422  36.296162     3.8538 2.5716e+01    272.573     96.655      7.552    32.4958    24.8712    1489.57 -9.990e-29
        728 137.450592      7.623    10.7428  36.296391     3.8681 2.5634e+01    272.305     96.560      7.553    32.4955    24.8709    1489.57 -9.990e-29
        729 137.450607      7.624    10.7433  36.296577     4.2470 2.5711e+01    272.243     96.538      7.555    32.4952    24.8706    1489.57 -9.990e-29
        730 137.450607      7.625    10.7437  36.296703     3.6440 2.5698e+01    272.121     96.495      7.556    32.4950    24.8704    1489.57 -9.990e-29
        731 137.450607      7.626    10.7440  36.296776     3.5534 2.5576e+01    271.855     96.401      7.557    32.4948    24.8702    1489.57 -9.990e-29
        732 137.450607      7.628    10.7442  36.296825     3.5315 2.5535e+01    271.925     96.426      7.558    32.4947    24.8700    1489.57 -9.990e-29
        733 137.450607      7.629    10.7444  36.296825     4.4249 2.5567e+01    272.055     96.473      7.559    32.4945    24.8699    1489.57 -9.990e-29
        734 137.450623      7.630    10.7445  36.296741     3.4459 2.5427e+01    272.213     96.530      7.560    32.4943    24.8697    1489.57 -9.990e-29
        735 137.450623      7.631    10.7445  36.296612     3.3070 2.5445e+01    272.068     96.478      7.561    32.4942    24.8696    1489.57 -9.990e-29
        736 137.450623      7.632    10.7444  36.296513     3.1375 2.5311e+01    272.072     96.480      7.562    32.4942    24.8696    1489.57 -9.990e-29
        737 137.450623      7.632    10.7442  36.296436     3.5911 2.5045e+01    272.257     96.546      7.563    32.4943    24.8697    1489.57 -9.990e-29
        738 137.450623      7.633    10.7440  36.296329     3.5794 2.5063e+01    272.223     96.533      7.563    32.4943    24.8698    1489.57 -9.990e-29
        739 137.450638      7.633    10.7438  36.296192     3.7976 2.4948e+01    272.566     96.654      7.564    32.4944    24.8699    1489.57 -9.990e-29
        740 137.450638      7.633    10.7435  36.296082     3.4082 2.4891e+01    272.705     96.703      7.564    32.4946    24.8701    1489.57 -9.990e-29
        741 137.450638      7.633    10.7432  36.296005     3.4799 2.5107e+01    273.089     96.838      7.564    32.4948    24.8703    1489.57 -9.990e-29
        742 137.450638      7.633    10.7430  36.295975     3.8307 2.5111e+01    273.457     96.968      7.564    32.4949    24.8704    1489.57 -9.990e-29
        743 137.450638      7.633    10.7428  36.296017     3.3666 2.5085e+01    273.777     97.079      7.564    32.4951    24.8706    1489.57 -9.990e-29
        744 137.450638      7.633    10.7428  36.296112     3.9058 2.4935e+01    274.024     97.164      7.563    32.4952    24.8707    1489.57 -9.990e-29
        745 137.450653      7.632    10.7429  36.296185     3.9822 2.4668e+01    274.284     97.257      7.563    32.4952    24.8707    1489.57 -9.990e-29
        746 137.450653      7.632    10.7430  36.296207     3.8190 2.4812e+01    274.237     97.242      7.562    32.4952    24.8706    1489.57 -9.990e-29
        747 137.450653      7.632    10.7431  36.296219     3.7137 2.4707e+01    274.394     97.298      7.562    32.4950    24.8705    1489.57 -9.990e-29
        748 137.450653      7.631    10.7433  36.296246     3.7191 2.4564e+01    274.429     97.310      7.562    32.4949    24.8704    1489.57 -9.990e-29
        749 137.450653      7.631    10.7434  36.296288     3.6889 2.4564e+01    274.320     97.271      7.561    32.4948    24.8703    1489.57 -9.990e-29
        750 137.450668      7.630    10.7437  36.296345     3.7921 2.4490e+01    274.388     97.293      7.561    32.4947    24.8701    1489.57 -9.990e-29
        751 137.450668      7.630    10.7439  36.296417     3.3498 2.4452e+01    274.148     97.203      7.560    32.4945    24.8700    1489.57 -9.990e-29
        752 137.450668      7.629    10.7441  36.296474     3.5483 2.4348e+01    274.177     97.207      7.560    32.4944    24.8699    1489.57 -9.990e-29
        753 137.450668      7.629    10.7442  36.296509     3.7359 2.4310e+01    274.083     97.170      7.559    32.4944    24.8698    1489.57 -9.990e-29
        754 137.450668      7.628    10.7442  36.296513     3.1476 2.4220e+01    274.068     97.164      7.559    32.4944    24.8698    1489.57 -9.990e-29
        755 137.450684      7.628    10.7442  36.296444     3.3721 2.3944e+01    273.764     97.055      7.558    32.4943    24.8697    1489.57 -9.990e-29
        756 137.450684      7.627    10.7441  36.296284     3.6058 2.4370e+01    273.728     97.042      7.558    32.4943    24.8697    1489.57 -9.990e-29
        757 137.450684      7.627    10.7438  36.296051     4.0678 2.4139e+01    273.600     96.995      7.558    32.4942    24.8697    1489.57 -9.990e-29
        758 137.450684      7.627    10.7435  36.295788     3.7552 2.4164e+01    273.522     96.968      7.558    32.4942    24.8698    1489.57 -9.990e-29
        759 137.450684      7.627    10.7431  36.295479     3.8643 2.4037e+01    273.597     96.993      7.558    32.4943    24.8699    1489.57 -9.990e-29
        760 137.450699      7.627    10.7427  36.295097     3.7036 2.4143e+01    273.448     96.939      7.558    32.4943    24.8700    1489.57 -9.990e-29
        761 137.450699      7.627    10.7421  36.294788     3.3687 2.4186e+01    273.298     96.886      7.558    32.4945    24.8702    1489.57 -9.990e-29
        762 137.450699      7.628    10.7416  36.294701     3.1077 2.4211e+01    273.027     96.787      7.558    32.4948    24.8706    1489.56 -9.990e-29
        763 137.450699      7.628    10.7413  36.294704     3.4929 2.3245e+01    273.090     96.808      7.558    32.4951    24.8708    1489.56 -9.990e-29
        764 137.450699      7.628    10.7412  36.294632     3.6251 2.3381e+01    272.997     96.777      7.558    32.4952    24.8709    1489.56 -9.990e-29
        765 137.450699      7.628    10.7409  36.294437     4.5206 2.3057e+01    272.840     96.726      7.559    32.4952    24.8710    1489.56 -9.990e-29
        766 137.450714      7.628    10.7405  36.294086     4.2248 2.4088e+01    272.797     96.715      7.559    32.4952    24.8711    1489.56 -9.990e-29
        767 137.450714      7.628    10.7398  36.293449     3.9512 2.3818e+01    272.820     96.729      7.559    32.4952    24.8712    1489.56 -9.990e-29
        768 137.450714      7.629    10.7387  36.292545     3.7758 2.3948e+01    272.933     96.774      7.559    32.4953    24.8714    1489.55 -9.990e-29
        769 137.450714      7.629    10.7372  36.291721     3.9478 2.4646e+01    272.910     96.770      7.559    32.4958    24.8722    1489.55 -9.990e-29
        770 137.450714      7.629    10.7353  36.291203     3.5206 2.4538e+01    272.943     96.785      7.559    32.4969    24.8733    1489.54 -9.990e-29
        771 137.450729      7.629    10.7337  36.290901     4.0191 2.4216e+01    272.883     96.764      7.559    32.4981    24.8745    1489.54 -9.990e-29
        772 137.450729      7.629    10.7325  36.290665     3.6671 2.3730e+01    272.800     96.735      7.559    32.4989    24.8754    1489.54 -9.990e-29
        773 137.450729      7.629    10.7316  36.290443     4.2050 2.4348e+01    272.442     96.606      7.560    32.4995    24.8760    1489.53 -9.990e-29
        774 137.450729      7.630    10.7309  36.290295     3.9625 2.4716e+01    272.306     96.555      7.560    32.5000    24.8765    1489.53 -9.990e-29
        775 137.450729      7.630    10.7303  36.290215     4.2025 2.4742e+01    272.075     96.470      7.560    32.5004    24.8769    1489.53 -9.990e-29
        776 137.450745      7.630    10.7298  36.290157     4.3939 2.4738e+01    272.018     96.446      7.561    32.5008    24.8773    1489.53 -9.990e-29
        777 137.450745      7.631    10.7293  36.290131     3.7388 2.4957e+01    271.997     96.435      7.561    32.5012    24.8777    1489.53 -9.990e-29
        778 137.450745      7.631    10.7289  36.290134     3.9088 2.5182e+01    272.196     96.502      7.562    32.5016    24.8781    1489.53 -9.990e-29
        779 137.450745      7.632    10.7285  36.290161     4.3187 2.5147e+01    272.507     96.610      7.562    32.5020    24.8784    1489.53 -9.990e-29
        780 137.450745      7.632    10.7283  36.290318     3.9872 2.5262e+01    272.500     96.604      7.563    32.5023    24.8787    1489.53 -9.990e-29
        781 137.450760      7.632    10.7285  36.290741     3.6285 2.5218e+01    272.984     96.773      7.563    32.5026    24.8789    1489.53 -9.990e-29
        782 137.450760      7.633    10.7293  36.291367     3.7078 2.5267e+01    273.197     96.847      7.563    32.5025    24.8787    1489.53 -9.990e-29
        783 137.450760      7.633    10.7307  36.292114     3.4992 2.3282e+01    273.410     96.923      7.563    32.5020    24.8780    1489.53 -9.990e-29
        784 137.450760      7.633    10.7326  36.292950     3.6255 2.2911e+01    273.503     96.960      7.563    32.5011    24.8771    1489.54 -9.990e-29
        785 137.450760      7.633    10.7347  36.293747     3.3033 2.2341e+01    273.523     96.972      7.564    32.5001    24.8759    1489.55 -9.990e-29
        786 137.450760      7.633    10.7367  36.294369     3.7313 2.2309e+01    273.654     97.022      7.564    32.4988    24.8746    1489.55 -9.990e-29
        787 137.450775      7.634    10.7386  36.294716     3.8139 2.3755e+01    273.709     97.044      7.564    32.4976    24.8733    1489.56 -9.990e-29
        788 137.450775      7.634    10.7399  36.294800     4.1014 2.3948e+01    273.937     97.128      7.564    32.4965    24.8722    1489.56 -9.990e-29
        789 137.450775      7.634    10.7406  36.294689     3.9151 2.3940e+01    274.062     97.178      7.564    32.4957    24.8715    1489.56 -9.990e-29
        790 137.450775      7.634    10.7407  36.294346     3.9147 2.3864e+01    274.243     97.245      7.565    32.4953    24.8711    1489.56 -9.990e-29
        791 137.450775      7.635    10.7403  36.293800     3.8840 2.3851e+01    274.322     97.276      7.565    32.4951    24.8710    1489.56 -9.990e-29
        792 137.450790      7.635    10.7394  36.293201     3.9167 2.3788e+01    274.346     97.287      7.565    32.4953    24.8714    1489.56 -9.990e-29
        793 137.450790      7.635    10.7381  36.292572     3.6520 2.3826e+01    274.364     97.295      7.565    32.4958    24.8720    1489.55 -9.990e-29
        794 137.450790      7.635    10.7366  36.291908     3.5500 2.3792e+01    274.430     97.320      7.565    32.4965    24.8728    1489.55 -9.990e-29
        795 137.450790      7.635    10.7350  36.291283     3.8601 2.3851e+01    274.363     97.298      7.565    32.4973    24.8736    1489.54 -9.990e-29
        796 137.450790      7.635    10.7335  36.290775     3.3448 2.3805e+01    274.108     97.209      7.565    32.4982    24.8746    1489.54 -9.990e-29
        797 137.450806      7.635    10.7320  36.290394     3.2709 2.3721e+01    274.034     97.183      7.565    32.4991    24.8756    1489.53 -9.990e-29
        798 137.450806      7.635    10.7307  36.290146     3.5064 2.3830e+01    273.880     97.129      7.565    32.5000    24.8765    1489.53 -9.990e-29
        799 137.450806      7.635    10.7298  36.290112     4.0015 2.3830e+01    273.616     97.035      7.566    32.5007    24.8772    1489.53 -9.990e-29
        800 137.450806      7.636    10.7294  36.290386     3.8798 2.3776e+01    273.367     96.946      7.566    32.5014    24.8778    1489.53 -9.990e-29
        801 137.450806      7.636    10.7297  36.290920     3.9738 2.3784e+01    273.335     96.935      7.566    32.5017    24.8780    1489.53 -9.990e-29
        802 137.450806      7.637    10.7307  36.291550     3.5450 2.3898e+01    273.290     96.918      7.567    32.5014    24.8776    1489.53 -9.990e-29
        803 137.450821      7.637    10.7321  36.292194     3.6633 2.3696e+01    272.941     96.794      7.567    32.5008    24.8769    1489.54 -9.990e-29
        804 137.450821      7.638    10.7337  36.292854     3.9742 2.3751e+01    272.948     96.796      7.568    32.5000    24.8760    1489.54 -9.990e-29
        805 137.450821      7.638    10.7355  36.293602     4.1278 2.3717e+01    272.620     96.679      7.568    32.4992    24.8751    1489.55 -9.990e-29
        806 137.450821      7.638    10.7373  36.294437     3.6322 2.3784e+01    272.545     96.653      7.569    32.4984    24.8742    1489.55 -9.990e-29
        807 137.450821      7.639    10.7391  36.295223     3.2248 2.3517e+01    272.188     96.525      7.569    32.4976    24.8731    1489.56 -9.990e-29
        808 137.450836      7.639    10.7409  36.295856     3.3284 2.3642e+01    271.848     96.405      7.569    32.4966    24.8721    1489.56 -9.990e-29
        809 137.450836      7.639    10.7425  36.296406     3.3679 2.3675e+01    271.622     96.325      7.569    32.4957    24.8711    1489.57 -9.990e-29
        810 137.450836      7.639    10.7439  36.296898     3.4426 2.3667e+01    271.586     96.312      7.569    32.4950    24.8703    1489.57 -9.990e-29
        811 137.450836      7.639    10.7451  36.297283     3.7334 2.3843e+01    271.829     96.398      7.569    32.4943    24.8696    1489.58 -9.990e-29
        812 137.450836      7.639    10.7461  36.297577     4.2151 2.3575e+01    272.039     96.472      7.569    32.4937    24.8689    1489.58 -9.990e-29
        813 137.450851      7.639    10.7470  36.297798     3.9423 2.3517e+01    272.304     96.566      7.570    32.4931    24.8683    1489.58 -9.990e-29
        814 137.450851      7.640    10.7477  36.297932     3.4497 2.3604e+01    272.668     96.694      7.570    32.4927    24.8678    1489.58 -9.990e-29
        815 137.450851      7.640    10.7482  36.297981     3.5991 2.3530e+01    273.042     96.826      7.571    32.4923    24.8675    1489.58 -9.990e-29
        816 137.450851      7.641    10.7484  36.297985     3.3012 2.3459e+01    273.181     96.875      7.571    32.4921    24.8673    1489.58 -9.990e-29
