Day_2_Loch_Creran/2024-05-16/sbe19p_5262_20240516_c6.cnv
* Sea-Bird SBE 19plus Data File:
* FileName = C:\Data\sbe55_sbe19p_5262\2024-05-16\sbe19p_5262_20240516_c6045.hex
* Software Version SeatermAF 2.1.4
* Temperature SN = 5262
* Conductivity SN = 5262
* System UpLoad Time = May 16 2024 12:56:21 (localtime) = May 16 2024 12:56:21 (UTC)
* ds
* SeacatPlus V 1.6b  SERIAL NO. 5262    16 May 2024  12:57:14
# nquan = 14                                
# nvalues = 1192                        
# units = specified
# name 0 = scan: Scan Count
# name 1 = timeJ: Julian Days
# name 2 = prdM: Pressure, Strain Gauge [db]
# name 3 = tv290C: Temperature [ITS-90, deg C]
# name 4 = c0mS/cm: Conductivity [mS/cm]
# name 5 = wetStar: Fluorescence, WET Labs WETstar [mg/m^3]
# name 6 = par: PAR/Irradiance, Biospherical/Licor [umol photons/m^2/sec]
# name 7 = sbeox0Mm/L: Oxygen, SBE 43 [umol/l]
# name 8 = sbeox0PS: Oxygen, SBE 43 [% saturation]
# name 9 = depSM: Depth [salt water, m], lat = 56
# name 10 = sal00: Salinity, Practical [PSU]
# name 11 = sigma-é00: Density [sigma-theta, kg/m^3]
# name 12 = svCM: Sound Velocity [Chen-Millero, m/s]
# name 13 = flag: flag
# span 0 =        301,       1492       
# span 1 = 137.535065, 137.538498       
# span 2 =     -0.203,     27.268       
# span 3 =     9.9719,    13.0209       
# span 4 =   2.350122,  36.367313       
# span 5 =     0.1477,    18.1785       
# span 6 = 1.0000e-12, 5.6963e+02       
# span 7 =    219.317,    338.771       
# span 8 =     69.059,    111.674       
# span 9 =     -0.201,     27.018       
# span 10 =     1.6758,    32.6153      
# span 11 =     0.8926,    25.0943      
# span 12 =    1454.19,    1494.97      
# span 13 = 0.0000e+00, 0.0000e+00      
# interval = seconds: 0.25
# start_time = May 16 2024 12:49:14 [Instrument's time stamp, header]
# bad_flag = -9.990e-29
*END*
        301 137.535065      0.757    12.6100  36.262482     1.4372 2.2536e+02    292.999    107.100      0.750    30.8715    23.2713    1494.00 -9.990e-29
        302 137.535065      0.756    12.6216  36.261654     1.5073 2.2304e+02    293.414    107.262      0.749    30.8613    23.2611    1494.03 -9.990e-29
        303 137.535065      0.755    12.6335  36.260845     1.6248 2.2331e+02    293.678    107.369      0.749    30.8508    23.2508    1494.05 -9.990e-29
        304 137.535065      0.755    12.6459  36.260365     1.4112 2.2520e+02    293.920    107.464      0.748    30.8401    23.2402    1494.08 -9.990e-29
        305 137.535065      0.755    12.6573  36.260036     1.4733 2.2524e+02    294.064    107.539      0.748    30.8305    23.2306    1494.11 -9.990e-29
        306 137.535080      0.755    12.6665  36.259563     1.6789 2.2501e+02    294.305    107.628      0.748    30.8226    23.2227    1494.13 -9.990e-29
        307 137.535080      0.755    12.6733  36.259144     1.7028 2.2257e+02    294.547    107.695      0.748    30.8166    23.2168    1494.15 -9.990e-29
        308 137.535080      0.755    12.6781  36.259029     1.6722 2.2101e+02    294.737    107.725      0.748    30.8126    23.2127    1494.16 -9.990e-29
        309 137.535080      0.755    12.6809  36.259235     1.5698 2.2315e+02    294.712    107.678      0.748    30.8105    23.2106    1494.17 -9.990e-29
        310 137.535080      0.754    12.6820  36.259586     1.6109 2.2120e+02    294.630    107.634      0.747    30.8099    23.2099    1494.17 -9.990e-29
        311 137.535080      0.753    12.6822  36.259808     1.6050 2.2430e+02    294.458    107.561      0.746    30.8099    23.2099    1494.17 -9.990e-29
        312 137.535095      0.752    12.6816  36.259884     1.6231 2.2580e+02    294.409    107.553      0.745    30.8105    23.2105    1494.17 -9.990e-29
        313 137.535095      0.751    12.6801  36.259865     1.5878 2.2261e+02    294.150    107.481      0.744    30.8117    23.2117    1494.17 -9.990e-29
        314 137.535095      0.751    12.6781  36.259750     1.5887 2.2831e+02    293.836    107.393      0.744    30.8132    23.2133    1494.16 -9.990e-29
        315 137.535095      0.752    12.6765  36.259636     1.5685 2.2093e+02    293.729    107.360      0.745    30.8144    23.2145    1494.16 -9.990e-29
        316 137.535095      0.753    12.6760  36.259674     1.5828 2.2186e+02    293.675    107.326      0.746    30.8149    23.2149    1494.16 -9.990e-29
        317 137.535110      0.754    12.6765  36.259949     1.5648 2.2144e+02    293.474    107.262      0.747    30.8148    23.2148    1494.16 -9.990e-29
        318 137.535110      0.755    12.6776  36.260315     1.6147 2.2027e+02    293.244    107.193      0.748    30.8142    23.2141    1494.16 -9.990e-29
        319 137.535110      0.755    12.6795  36.260490     1.4506 2.2074e+02    292.934    107.109      0.748    30.8128    23.2127    1494.16 -9.990e-29
        320 137.535110      0.754    12.6823  36.260281     1.3814 2.1938e+02    292.538    107.037      0.747    30.8103    23.2102    1494.17 -9.990e-29
        321 137.535110      0.753    12.6855  36.259621     1.7221 2.2120e+02    292.414    107.038      0.747    30.8071    23.2071    1494.18 -9.990e-29
        322 137.535126      0.753    12.6882  36.258991     1.6206 2.2390e+02    292.295    107.037      0.746    30.8043    23.2044    1494.18 -9.990e-29
        323 137.535126      0.752    12.6891  36.258938     1.5295 2.2374e+02    292.027    107.015      0.745    30.8035    23.2036    1494.19 -9.990e-29
        324 137.535126      0.752    12.6864  36.259243     1.6487 2.2493e+02    292.034    107.076      0.745    30.8060    23.2061    1494.18 -9.990e-29
        325 137.535126      0.753    12.6794  36.259632     1.5996 2.2300e+02    292.242    107.233      0.746    30.8121    23.2121    1494.16 -9.990e-29
        326 137.535126      0.754    12.6695  36.260143     1.5983 2.2631e+02    292.406    107.354      0.747    30.8206    23.2206    1494.14 -9.990e-29
        327 137.535126      0.755    12.6597  36.260887     1.5173 2.1811e+02    292.778    107.492      0.748    30.8293    23.2292    1494.12 -9.990e-29
        328 137.535141      0.756    12.6526  36.261909     1.5891 2.1946e+02    292.992    107.579      0.750    30.8361    23.2358    1494.10 -9.990e-29
        329 137.535141      0.757    12.6495  36.263000     1.6084 2.1923e+02    292.739    107.612      0.750    30.8397    23.2392    1494.09 -9.990e-29
        330 137.535141      0.757    12.6507  36.263828     1.5560 2.2004e+02    292.838    107.730      0.750    30.8395    23.2388    1494.10 -9.990e-29
        331 137.535141      0.757    12.6555  36.264286     1.5283 2.1950e+02    293.036    107.774      0.750    30.8360    23.2352    1494.11 -9.990e-29
        332 137.535141      0.757    12.6618  36.264606     1.5467 2.2441e+02    293.033    107.694      0.750    30.8311    23.2302    1494.13 -9.990e-29
        333 137.535156      0.756    12.6680  36.264687     1.6483 2.2327e+02    292.895    107.555      0.750    30.8261    23.2252    1494.14 -9.990e-29
        334 137.535156      0.757    12.6750  36.264290     1.6025 2.2461e+02    292.460    107.358      0.750    30.8201    23.2192    1494.16 -9.990e-29
        335 137.535156      0.757    12.6849  36.263546     1.5148 2.2695e+02    291.583    107.012      0.750    30.8113    23.2105    1494.18 -9.990e-29
        336 137.535156      0.757    12.6997  36.262230     1.4834 2.2481e+02    290.981    106.715      0.750    30.7979    23.1973    1494.22 -9.990e-29
        337 137.535156      0.758    12.7204  36.260399     1.5622 2.2679e+02    290.313    106.398      0.751    30.7793    23.1790    1494.26 -9.990e-29
        338 137.535172      0.758    12.7464  36.258598     1.5136 2.2418e+02    289.075    105.952      0.751    30.7565    23.1564    1494.32 -9.990e-29
        339 137.535172      0.759    12.7754  36.256660     1.5492 2.2062e+02    288.449    105.773      0.752    30.7310    23.1311    1494.39 -9.990e-29
        340 137.535172      0.758    12.8069  36.254333     1.7649 2.3008e+02    288.215    105.753      0.751    30.7032    23.1036    1494.47 -9.990e-29
        341 137.535172      0.758    12.8406  36.251770     1.5228 2.2265e+02    288.421    105.834      0.751    30.6734    23.0741    1494.55 -9.990e-29
        342 137.535172      0.757    12.8751  36.249195     1.5438 2.2548e+02    289.336    106.149      0.751    30.6431    23.0441    1494.63 -9.990e-29
        343 137.535187      0.757    12.9081  36.246922     1.4628 2.3073e+02    290.214    106.474      0.750    30.6142    23.0154    1494.70 -9.990e-29
        344 137.535187      0.757    12.9372  36.244614     1.5161 2.2723e+02    290.933    106.740      0.750    30.5885    22.9900    1494.77 -9.990e-29
        345 137.535187      0.757    12.9621  36.241364     1.6600 2.2663e+02    291.587    106.959      0.751    30.5654    22.9673    1494.83 -9.990e-29
        346 137.535187      0.758    12.9861  36.237968     1.5052 2.2612e+02    292.169    107.104      0.751    30.5429    22.9453    1494.88 -9.990e-29
        347 137.535187      0.758    13.0083  36.237034     1.5467 2.2659e+02    292.461    107.154      0.751    30.5241    22.9265    1494.94 -9.990e-29
        348 137.535187      0.758    13.0209  36.239204     1.4498 2.2572e+02    292.253    107.052      0.751    30.5159    22.9178    1494.97 -9.990e-29
        349 137.535202      0.758    13.0177  36.242825     1.4884 2.2899e+02    291.967    106.937      0.751    30.5219    22.9230    1494.96 -9.990e-29
        350 137.535202      0.757    13.0011  36.246132     1.5845 2.2398e+02    291.747    106.850      0.750    30.5384    22.9390    1494.93 -9.990e-29
        351 137.535202      0.756    12.9783  36.248169     1.5962 2.2548e+02    291.869    106.866      0.749    30.5587    22.9590    1494.88 -9.990e-29
        352 137.535202      0.755    12.9552  36.249065     1.4821 2.2315e+02    291.999    106.879      0.748    30.5782    22.9785    1494.82 -9.990e-29
        353 137.535202      0.755    12.9331  36.248890     1.5283 2.2382e+02    291.925    106.823      0.748    30.5959    22.9965    1494.77 -9.990e-29
        354 137.535217      0.754    12.9127  36.247124     1.5862 2.2751e+02    292.246    106.885      0.747    30.6107    23.0118    1494.72 -9.990e-29
        355 137.535217      0.754    12.8984  36.244194     1.5870 2.2433e+02    292.125    106.811      0.747    30.6195    23.0213    1494.68 -9.990e-29
        356 137.535217      0.754    12.8941  36.241646     1.4934 2.2775e+02    292.573    106.902      0.748    30.6206    23.0230    1494.66 -9.990e-29
        357 137.535217      0.754    12.8981  36.240707     1.7511 2.2663e+02    292.629    106.885      0.748    30.6165    23.0191    1494.67 -9.990e-29
        358 137.535217      0.754    12.9044  36.241253     1.7645 2.2799e+02    292.299    106.787      0.747    30.6119    23.0144    1494.69 -9.990e-29
        359 137.535233      0.754    12.9075  36.242039     1.8363 2.2556e+02    292.501    106.900      0.747    30.6101    23.0124    1494.70 -9.990e-29
        360 137.535233      0.753    12.9063  36.242584     1.5887 2.2859e+02    292.416    106.903      0.746    30.6116    23.0138    1494.69 -9.990e-29
        361 137.535233      0.752    12.9017  36.243446     1.5639 2.2370e+02    292.874    107.090      0.745    30.6161    23.0181    1494.68 -9.990e-29
        362 137.535233      0.751    12.8931  36.244793     1.6306 2.3012e+02    293.216    107.224      0.744    30.6243    23.0261    1494.67 -9.990e-29
        363 137.535233      0.751    12.8790  36.246033     1.5677 2.2292e+02    293.697    107.401      0.744    30.6369    23.0385    1494.63 -9.990e-29
        364 137.535233      0.751    12.8605  36.246468     1.5711 2.3025e+02    294.080    107.525      0.744    30.6523    23.0540    1494.59 -9.990e-29
        365 137.535248      0.751    12.8412  36.246147     1.6407 2.2288e+02    294.263    107.581      0.744    30.6676    23.0696    1494.54 -9.990e-29
        366 137.535248      0.752    12.8240  36.245892     1.6432 2.2932e+02    294.436    107.638      0.745    30.6813    23.0834    1494.50 -9.990e-29
        367 137.535248      0.752    12.8088  36.246471     1.5753 2.2319e+02    294.337    107.612      0.745    30.6943    23.0963    1494.46 -9.990e-29
        368 137.535248      0.752    12.7936  36.247868     1.6684 2.2584e+02    294.420    107.639      0.746    30.7079    23.1098    1494.43 -9.990e-29
        369 137.535248      0.752    12.7768  36.249508     1.6911 2.2386e+02    294.295    107.593      0.745    30.7231    23.1248    1494.39 -9.990e-29
        370 137.535263      0.752    12.7582  36.251125     1.6399 2.2512e+02    293.807    107.477      0.745    30.7398    23.1412    1494.35 -9.990e-29
        371 137.535263      0.751    12.7382  36.252411     1.5253 2.2972e+02    293.358    107.419      0.745    30.7573    23.1585    1494.30 -9.990e-29
        372 137.535263      0.751    12.7177  36.252808     1.5719 2.2620e+02    293.362    107.435      0.745    30.7744    23.1757    1494.25 -9.990e-29
        373 137.535263      0.752    12.6980  36.252186     1.6357 2.3093e+02    293.655    107.465      0.745    30.7898    23.1914    1494.20 -9.990e-29
        374 137.535263      0.753    12.6815  36.250458     1.6579 2.2727e+02    294.119    107.451      0.746    30.8017    23.2037    1494.16 -9.990e-29
        375 137.535278      0.754    12.6719  36.248066     1.5379 2.2887e+02    294.142    107.290      0.747    30.8073    23.2098    1494.13 -9.990e-29
        376 137.535278      0.754    12.6710  36.246029     1.6067 2.1915e+02    293.748    107.003      0.748    30.8061    23.2091    1494.13 -9.990e-29
        377 137.535278      0.755    12.6763  36.244904     1.5278 2.2465e+02    293.033    106.637      0.748    30.8007    23.2039    1494.14 -9.990e-29
        378 137.535278      0.755    12.6837  36.244640     1.6256 2.2272e+02    292.287    106.322      0.748    30.7944    23.1976    1494.16 -9.990e-29
        379 137.535278      0.754    12.6903  36.244816     1.6969 2.2027e+02    291.504    106.053      0.747    30.7892    23.1924    1494.17 -9.990e-29
        380 137.535294      0.753    12.6945  36.245113     1.6961 2.1804e+02    291.078    105.914      0.747    30.7861    23.1891    1494.18 -9.990e-29
        381 137.535294      0.753    12.6961  36.245182     1.7368 2.2647e+02    291.036    105.933      0.746    30.7848    23.1878    1494.19 -9.990e-29
        382 137.535294      0.753    12.6960  36.244663     1.5891 2.1888e+02    291.613    106.175      0.746    30.7844    23.1875    1494.19 -9.990e-29
        383 137.535294      0.753    12.6955  36.243759     1.6940 2.2584e+02    292.340    106.453      0.746    30.7839    23.1873    1494.18 -9.990e-29
        384 137.535294      0.754    12.6961  36.242836     1.6625 2.2109e+02    293.524    106.848      0.747    30.7825    23.1861    1494.19 -9.990e-29
        385 137.535294      0.755    12.6984  36.241890     1.7305 2.2477e+02    294.415    107.134      0.748    30.7798    23.1835    1494.19 -9.990e-29
        386 137.535309      0.756    12.7025  36.240868     1.7108 2.2175e+02    295.021    107.291      0.749    30.7755    23.1794    1494.20 -9.990e-29
        387 137.535309      0.756    12.7090  36.240166     1.6902 2.2457e+02    295.012    107.239      0.749    30.7695    23.1736    1494.21 -9.990e-29
        388 137.535309      0.755    12.7169  36.241035     1.8111 2.1854e+02    294.785    107.141      0.749    30.7639    23.1678    1494.23 -9.990e-29
        389 137.535309      0.755    12.7186  36.244564     1.7154 2.2323e+02    294.457    107.008      0.748    30.7659    23.1689    1494.24 -9.990e-29
        390 137.535309      0.754    12.7037  36.250053     1.6332 2.1896e+02    294.151    106.874      0.747    30.7832    23.1851    1494.21 -9.990e-29
        391 137.535324      0.754    12.6673  36.255650     1.5060 2.2008e+02    294.269    106.883      0.747    30.8182    23.2192    1494.13 -9.990e-29
        392 137.535324      0.754    12.6135  36.259720     1.5165 2.1911e+02    294.051    106.787      0.747    30.8660    23.2664    1494.00 -9.990e-29
        393 137.535324      0.754    12.5534  36.261829     1.6508 2.2054e+02    293.934    106.746      0.748    30.9174    23.3175    1493.86 -9.990e-29
        394 137.535324      0.755    12.4973  36.262291     1.8476 2.2031e+02    293.971    106.797      0.748    30.9639    23.3641    1493.72 -9.990e-29
        395 137.535324      0.756    12.4530  36.261387     1.7716 2.1946e+02    294.323    106.943      0.749    30.9996    23.4001    1493.62 -9.990e-29
        396 137.535339      0.756    12.4239  36.259865     1.8207 2.2186e+02    294.408    106.955      0.749    31.0222    23.4230    1493.54 -9.990e-29
        397 137.535339      0.756    12.4089  36.258766     1.6374 2.2225e+02    294.896    107.110      0.749    31.0335    23.4346    1493.51 -9.990e-29
        398 137.535339      0.755    12.4035  36.258636     1.6814 2.2085e+02    295.256    107.228      0.748    31.0379    23.4390    1493.49 -9.990e-29
        399 137.535339      0.754    12.4027  36.259636     1.5761 2.2272e+02    295.622    107.357      0.747    31.0394    23.4403    1493.49 -9.990e-29
        400 137.535339      0.753    12.4019  36.261612     1.6684 2.1981e+02    296.142    107.542      0.746    31.0420    23.4425    1493.49 -9.990e-29
        401 137.535355      0.753    12.3967  36.263882     1.7792 2.1659e+02    296.414    107.634      0.746    31.0485    23.4485    1493.48 -9.990e-29
        402 137.535355      0.754    12.3851  36.265808     1.7209 2.2272e+02    296.590    107.685      0.747    31.0599    23.4595    1493.46 -9.990e-29
        403 137.535355      0.755    12.3683  36.267231     1.6537 2.1892e+02    296.734    107.686      0.748    31.0751    23.4744    1493.42 -9.990e-29
