Day_2_Loch_Creran/2024-05-16/sbe19p_5262_20240516_ly2_1m.cnv
* Sea-Bird SBE 19plus Data File:
* FileName = C:\Data\sbe55_sbe19p_5262\2024-05-16\sbe19p_5262_20240516_LY2037.hex
* Software Version SeatermAF 2.1.4
* Temperature SN = 5262
* Conductivity SN = 5262
* System UpLoad Time = May 16 2024 09:46:15 (localtime) = May 16 2024 09:46:15 (UTC)
* ds
* SeacatPlus V 1.6b  SERIAL NO. 5262    16 May 2024  09:47:18
# nquan = 14
# nvalues = 101                         
# units = specified
# name 0 = scan: Scan Count
# name 1 = timeJ: Julian Days
# name 2 = prdM: Pressure, Strain Gauge [db]
# name 3 = tv290C: Temperature [ITS-90, deg C]
# name 4 = c0mS/cm: Conductivity [mS/cm]
# name 5 = wetStar: Fluorescence, WET Labs WETstar [mg/m^3]
# name 6 = par: PAR/Irradiance, Biospherical/Licor [umol photons/m^2/sec]
# name 7 = sbeox0Mm/L: Oxygen, SBE 43 [umol/l]
# name 8 = sbeox0PS: Oxygen, SBE 43 [% saturation]
# name 9 = depSM: Depth [salt water, m], lat = 56
# name 10 = sal00: Salinity, Practical [PSU]
# name 11 = sigma-é00: Density [sigma-theta, kg/m^3]
# name 12 = svCM: Sound Velocity [Chen-Millero, m/s]
# name 13 = flag: flag
# span 0 =        528,       2185       
# span 1 = 137.401037, 137.405833       
# span 2 =      1.000,     51.000       
# span 3 =     9.3163,    12.2123       
# span 4 =  35.768545,  36.857429       
# span 5 =     0.4549,     7.0770       
# span 6 = 1.0000e-12, 1.3894e+02       
# span 7 =    241.139,    301.959       
# span 8 =     83.385,    108.380       
# span 9 =      0.991,     50.530       
# span 10 =    31.6078,    33.3045      
# span 11 =    23.9166,    25.7204      
# span 12 =    1485.68,    1493.52      
# span 13 = 0.0000e+00, 0.0000e+00      
# interval = decibars: 1                
# start_time = May 16 2024 09:35:18 [Instrument's time stamp, header]
# bad_flag = -9.990e-29
*END*
        528 137.401037      1.000    12.2123  36.690323     2.2398 1.3894e+02    301.959    108.380      0.991    31.6078    23.9166    1493.52 0.0000e+00
        543 137.401082      2.000    11.5121  36.769961     3.3210 1.0343e+02    291.981    103.687      1.982    32.2876    24.5725    1491.93 0.0000e+00
        556 137.401120      3.000    10.9370  36.517401     2.9804 7.9989e+01    290.286    102.161      2.973    32.5446    24.8751    1490.24 0.0000e+00
        569 137.401158      4.000    10.5026  36.257293     3.3323 6.1774e+01    273.743     95.716      3.964    32.6727    25.0501    1488.87 0.0000e+00
        583 137.401199      5.000    10.0242  36.025446     4.6992 4.7219e+01    267.097     93.148      4.954    32.8706    25.2856    1487.41 0.0000e+00
        597 137.401240      6.000     9.8682  35.951995     5.0261 3.6860e+01    265.973     92.574      5.945    32.9377    25.3639    1486.94 0.0000e+00
        611 137.401278      7.000     9.7798  35.903815     5.6600 2.7328e+01    267.534     92.947      6.936    32.9690    25.4029    1486.68 0.0000e+00
        625 137.401318      8.000     9.6531  35.859819     5.4105 2.0819e+01    265.756     92.102      7.927    33.0399    25.4791    1486.32 0.0000e+00
        638 137.401358      9.000     9.5454  35.797565     7.0770 1.6426e+01    254.304     88.044      8.918    33.0748    25.5239    1485.99 0.0000e+00
        652 137.401398     10.000     9.4668  35.771647     6.3001 1.2701e+01    250.217     86.622      9.909    33.1203    25.5722    1485.77 0.0000e+00
        666 137.401439     11.000     9.4383  35.783109     3.9459 1.0232e+01    248.947     86.248     10.900    33.1580    25.6063    1485.73 0.0000e+00
        680 137.401477     12.000     9.4601  35.834689     2.8838 8.1576e+00    247.835     85.857     11.891    33.1904    25.6282    1485.87 0.0000e+00
        694 137.401519     13.000     9.4573  35.864230     1.8123 6.9724e+00    246.980     85.559     12.881    33.2230    25.6542    1485.91 0.0000e+00
        707 137.401558     14.000     9.4528  35.867852     0.9722 6.0902e+00    247.334     85.682     13.872    33.2305    25.6607    1485.92 0.0000e+00
        721 137.401597     15.000     9.4520  35.870549     0.8726 4.9756e+00    247.374     85.697     14.863    33.2336    25.6633    1485.94 0.0000e+00
        735 137.401639     16.000     9.4526  35.872551     0.8355 3.4469e+00    247.688     85.812     15.854    33.2346    25.6640    1485.96 0.0000e+00
        749 137.401680     17.000     9.4546  35.876116     0.8903 3.0753e+00    247.342     85.709     16.845    33.2360    25.6648    1485.98 0.0000e+00
        763 137.401718     18.000     9.4604  35.886222     0.7744 2.5702e+00    247.006     85.574     17.835    33.2405    25.6674    1486.03 0.0000e+00
        777 137.401761     19.000     9.4615  35.886215     0.7818 2.3993e+00    246.476     85.308     18.826    33.2390    25.6661    1486.04 0.0000e+00
        792 137.401803     20.000     9.4187  35.842602     0.7522 2.1004e+00    246.006     85.146     19.817    33.2334    25.6686    1485.90 0.0000e+00
        808 137.401848     21.000     9.4094  35.842435     0.6501 1.7405e+00    246.070     85.106     20.808    33.2414    25.6764    1485.89 0.0000e+00
        823 137.401893     22.000     9.3831  35.814381     0.6429 1.0934e+00    245.116     84.745     21.799    33.2365    25.6768    1485.80 0.0000e+00
        839 137.401939     23.000     9.3616  35.797638     0.7273 8.7594e-01    245.071     84.735     22.789    33.2387    25.6821    1485.74 0.0000e+00
        854 137.401983     24.000     9.3613  35.801509     0.7920 9.1129e-01    244.445     84.488     23.780    33.2426    25.6851    1485.76 0.0000e+00
        870 137.402029     25.000     9.3503  35.787752     0.7133 7.7855e-01    244.321     84.436     24.771    33.2381    25.6834    1485.74 0.0000e+00
        886 137.402075     26.000     9.3422  35.782744     0.7126 5.6215e-01    244.095     84.342     25.762    33.2400    25.6862    1485.73 0.0000e+00
        902 137.402122     27.000     9.3343  35.776941     0.6677 3.9098e-01    243.521     84.119     26.753    33.2409    25.6882    1485.71 0.0000e+00
        918 137.402167     28.000     9.3207  35.768545     0.8042 2.6406e-01    241.386     83.385     27.743    33.2444    25.6931    1485.68 0.0000e+00
        934 137.402214     29.000     9.3163  35.771521     0.8402 2.7741e-01    241.603     83.503     28.734    33.2511    25.6991    1485.69 0.0000e+00
        950 137.402260     30.000     9.3332  35.799198     0.8205 2.3460e-01    244.664     84.724     29.725    33.2636    25.7062    1485.79 0.0000e+00
        965 137.402304     31.000     9.4073  35.892174     0.7919 2.0595e-01    245.744     85.094     30.716    33.2901    25.7150    1486.11 0.0000e+00
        981 137.402350     32.000     9.4181  35.899887     0.4549 1.6033e-01    246.015     85.198     31.706    33.2876    25.7113    1486.16 0.0000e+00
        996 137.402394     33.000     9.4202  35.905774     0.4898 7.5300e-02    246.151     85.273     32.697    33.2913    25.7139    1486.19 0.0000e+00
       1012 137.402439     34.000     9.4330  35.922557     0.5088 2.9574e-02    245.508     85.083     33.688    33.2963    25.7157    1486.26 0.0000e+00
       1028 137.402486     35.000     9.4495  35.942606     0.5244 2.5445e-02    244.923     84.887     34.678    33.3011    25.7168    1486.34 0.0000e+00
       1044 137.402533     36.000     9.4541  35.947952     0.5899 1.2933e-02    244.848     84.863     35.669    33.3019    25.7167    1486.37 0.0000e+00
       1060 137.402579     37.000     9.4554  35.949932     0.5745 4.3544e-03    244.219     84.647     36.660    33.3023    25.7169    1486.39 0.0000e+00
       1076 137.402626     38.000     9.4559  35.952190     0.6314 1.2341e-04    244.367     84.699     37.651    33.3036    25.7178    1486.42 0.0000e+00
       1092 137.402670     39.000     9.4562  35.953008     0.6437 2.6472e-06    244.335     84.686     38.641    33.3038    25.7179    1486.43 0.0000e+00
       1108 137.402717     40.000     9.4553  35.952856     0.6242 1.0000e-12    244.176     84.631     39.632    33.3040    25.7182    1486.45 0.0000e+00
       1124 137.402762     41.000     9.4551  35.953188     0.6712 1.0000e-12    244.111     84.609     40.623    33.3041    25.7184    1486.46 0.0000e+00
       1140 137.402810     42.000     9.4553  35.953962     0.6011 1.0000e-12    243.526     84.408     41.614    33.3042    25.7185    1486.48 0.0000e+00
       1157 137.402858     43.000     9.4561  35.955336     0.6710 1.0000e-12    243.475     84.389     42.604    33.3045    25.7185    1486.50 0.0000e+00
       1173 137.402906     44.000     9.4558  35.955474     0.7599 1.0000e-12    243.141     84.271     43.595    33.3044    25.7186    1486.52 0.0000e+00
       1190 137.402954     45.000     9.4549  35.954892     0.8213 1.0000e-12    242.852     84.167     44.586    33.3042    25.7186    1486.53 0.0000e+00
       1206 137.403000     46.000     9.4528  35.953265     0.7887 1.0000e-12    243.073     84.240     45.576    33.3040    25.7188    1486.54 0.0000e+00
       1222 137.403047     47.000     9.4506  35.951766     0.8410 1.0000e-12    242.547     84.047     46.567    33.3041    25.7192    1486.55 0.0000e+00
       1238 137.403093     48.000     9.4456  35.946733     0.9545 1.0000e-12    241.287     83.602     47.558    33.3031    25.7192    1486.54 0.0000e+00
       1255 137.403141     49.000     9.4405  35.942722     1.0057 1.0000e-12    241.139     83.548     48.548    33.3033    25.7203    1486.54 0.0000e+00
       1271 137.403189     50.000     9.4393  35.942013     1.0590 1.0000e-12    241.689     83.740     49.539    33.3032    25.7204    1486.55 0.0000e+00
       1321 137.403334     51.000     9.4465  35.949541     1.0470 1.0000e-12    241.786     83.792     50.530    33.3038    25.7197    1486.59 0.0000e+00
       1351 137.403419     50.000     9.4518  35.954286     1.0360 1.0000e-12    242.357     83.999     49.539    33.3042    25.7191    1486.60 0.0000e+00
       1371 137.403478     49.000     9.4546  35.956325     0.9299 1.0000e-12    242.771     84.142     48.548    33.3041    25.7186    1486.59 0.0000e+00
       1389 137.403531     48.000     9.4540  35.954984     0.8828 1.0000e-12    242.355     83.998     47.558    33.3038    25.7184    1486.57 0.0000e+00
       1406 137.403580     47.000     9.4541  35.954287     0.8869 1.0000e-12    242.494     84.046     46.567    33.3034    25.7181    1486.56 0.0000e+00
       1424 137.403632     46.000     9.4540  35.954212     0.8578 1.0000e-12    242.612     84.093     45.576    33.3039    25.7185    1486.54 0.0000e+00
       1441 137.403681     45.000     9.4569  35.956640     0.8170 1.0000e-12    242.845     84.175     44.586    33.3041    25.7182    1486.54 0.0000e+00
       1458 137.403731     44.000     9.4581  35.957484     0.8419 1.0000e-12    243.353     84.354     43.595    33.3043    25.7181    1486.52 0.0000e+00
       1475 137.403779     43.000     9.4594  35.958277     0.7685 1.0000e-12    243.432     84.384     42.604    33.3044    25.7179    1486.51 0.0000e+00
       1492 137.403828     42.000     9.4607  35.958779     0.8366 1.0000e-12    243.773     84.501     41.614    33.3042    25.7175    1486.50 0.0000e+00
       1509 137.403877     41.000     9.4604  35.958101     0.8034 1.0000e-12    243.865     84.532     40.623    33.3042    25.7176    1486.48 0.0000e+00
       1525 137.403925     40.000     9.4600  35.957229     0.7064 1.0000e-12    244.359     84.705     39.632    33.3042    25.7176    1486.46 0.0000e+00
       1542 137.403973     39.000     9.4613  35.957424     0.6515 1.0000e-12    244.340     84.699     38.641    33.3036    25.7169    1486.45 0.0000e+00
       1558 137.404019     38.000     9.4611  35.956902     0.6581 1.0000e-12    244.069     84.605     37.651    33.3036    25.7170    1486.44 0.0000e+00
       1574 137.404067     37.000     9.4614  35.955976     0.6919 1.0000e-12    244.534     84.765     36.660    33.3029    25.7163    1486.42 0.0000e+00
       1591 137.404114     36.000     9.4610  35.954489     0.6527 4.3841e-04    244.658     84.803     35.669    33.3022    25.7159    1486.40 0.0000e+00
       1607 137.404163     35.000     9.4591  35.950951     0.6773 2.5622e-03    245.094     84.943     34.679    33.3007    25.7150    1486.37 0.0000e+00
       1624 137.404211     34.000     9.4548  35.943203     0.6158 2.8123e-02    245.263     84.977     33.688    33.2973    25.7130    1486.34 0.0000e+00
       1640 137.404258     33.000     9.4433  35.928117     0.5648 6.2178e-02    245.585     85.066     32.697    33.2928    25.7113    1486.27 0.0000e+00
       1657 137.404305     32.000     9.4315  35.913519     0.5339 8.7668e-02    245.743     85.106     31.706    33.2892    25.7104    1486.21 0.0000e+00
       1673 137.404351     31.000     9.4256  35.903544     0.4568 1.3106e-01    245.298     84.899     30.716    33.2848    25.7079    1486.17 0.0000e+00
       1689 137.404397     30.000     9.4028  35.870133     0.4612 1.8252e-01    243.360     84.147     29.725    33.2720    25.7015    1486.05 0.0000e+00
       1705 137.404444     29.000     9.3654  35.822607     0.6572 2.4094e-01    242.644     83.859     28.734    33.2582    25.6968    1485.88 0.0000e+00
       1721 137.404491     28.000     9.3419  35.794382     0.6949 3.0538e-01    242.019     83.633     27.743    33.2515    25.6953    1485.77 0.0000e+00
       1737 137.404536     27.000     9.3364  35.785201     0.7885 3.8700e-01    243.344     84.101     26.753    33.2475    25.6931    1485.73 0.0000e+00
       1753 137.404584     26.000     9.3412  35.786441     0.7787 4.7944e-01    244.010     84.344     25.762    33.2448    25.6901    1485.73 0.0000e+00
       1769 137.404630     25.000     9.3486  35.790999     0.7977 6.0798e-01    244.352     84.475     24.771    33.2430    25.6875    1485.73 0.0000e+00
       1785 137.404677     24.000     9.3551  35.796710     0.8263 7.4358e-01    244.766     84.644     23.780    33.2434    25.6867    1485.74 0.0000e+00
       1801 137.404723     23.000     9.3689  35.808574     0.8670 9.0362e-01    245.363     84.881     22.789    33.2433    25.6844    1485.78 0.0000e+00
       1817 137.404770     22.000     9.3848  35.822027     0.6898 1.0931e+00    245.575     84.971     21.799    33.2427    25.6814    1485.82 0.0000e+00
       1833 137.404816     21.000     9.3946  35.829996     0.6832 1.2891e+00    245.882     85.092     20.808    33.2424    25.6796    1485.84 0.0000e+00
       1849 137.404862     20.000     9.4036  35.836448     0.6290 1.5208e+00    245.965     85.133     19.817    33.2411    25.6771    1485.85 0.0000e+00
       1865 137.404906     19.000     9.4101  35.841411     0.7077 1.8003e+00    246.295     85.297     18.826    33.2407    25.6757    1485.86 0.0000e+00
       1881 137.404953     18.000     9.4331  35.863712     0.7113 2.0902e+00    247.023     85.564     17.835    33.2427    25.6736    1485.93 0.0000e+00
       1897 137.405001     17.000     9.4455  35.872989     0.7378 2.4983e+00    247.169     85.630     16.845    33.2412    25.6703    1485.96 0.0000e+00
       1913 137.405047     16.000     9.4533  35.878280     0.6443 2.9014e+00    246.585     85.428     15.854    33.2399    25.6680    1485.96 0.0000e+00
       1929 137.405092     15.000     9.4548  35.876204     0.7891 3.4959e+00    247.150     85.622     14.863    33.2368    25.6653    1485.95 0.0000e+00
       1945 137.405138     14.000     9.4547  35.873166     0.7213 4.3161e+00    247.394     85.705     13.872    33.2342    25.6633    1485.93 0.0000e+00
       1960 137.405183     13.000     9.4544  35.869647     0.9036 5.0630e+00    247.050     85.587     12.881    33.2313    25.6611    1485.91 0.0000e+00
       1976 137.405229     12.000     9.4579  35.862880     1.1863 5.9539e+00    247.877     85.852     11.890    33.2216    25.6529    1485.90 0.0000e+00
       1992 137.405275     11.000     9.4568  35.835373     1.3126 7.1500e+00    248.257     85.960     10.900    33.1946    25.6320    1485.84 0.0000e+00
       2008 137.405321     10.000     9.4478  35.811437     2.3694 8.8165e+00    249.761     86.480      9.909    33.1788    25.6211    1485.77 0.0000e+00
       2023 137.405366      9.000     9.4525  35.791740     2.8031 1.1406e+01    253.707     87.886      8.918    33.1546    25.6014    1485.74 0.0000e+00
       2039 137.405412      8.000     9.4761  35.792768     4.0727 1.5890e+01    258.822     89.741      7.927    33.1343    25.5816    1485.79 0.0000e+00
       2055 137.405456      7.000     9.5233  35.809819     5.7385 2.2000e+01    261.392     90.683      6.936    33.1087    25.5540    1485.91 0.0000e+00
       2070 137.405502      6.000     9.5577  35.823424     6.2392 2.9188e+01    264.454     91.952      5.945    33.0913    25.5348    1486.00 0.0000e+00
       2086 137.405547      5.000     9.6585  35.876015     6.0936 3.7326e+01    267.035     93.060      4.954    33.0528    25.4883    1486.31 0.0000e+00
       2105 137.405603      4.000     9.7998  35.945871     5.8537 4.7476e+01    270.206     94.404      3.963    32.9949    25.4198    1486.73 0.0000e+00
       2132 137.405679      3.000    10.0046  36.065542     5.0048 6.2694e+01    279.107     98.300      2.973    32.9300    25.3352    1487.38 0.0000e+00
       2159 137.405758      2.000    10.6278  36.418618     4.4742 9.0527e+01    295.555    106.091      1.982    32.7228    25.0674    1489.34 0.0000e+00
       2185 137.405833      1.000    11.5934  36.857429     3.0574 1.3502e+02    291.951    105.715      0.991    32.3030    24.5697    1492.21 0.0000e+00
