Day_2_Loch_Creran/2024-05-16/sbe19p_5262_20240516_ly1_1m.cnv
* Sea-Bird SBE 19plus Data File:
* FileName = C:\Data\sbe55_sbe19p_5262\2024-05-16\sbe19p_5262_20240516_LY1036.hex
* Software Version SeatermAF 2.1.4
* Temperature SN = 5262
* Conductivity SN = 5262
* System UpLoad Time = May 16 2024 09:14:18 (localtime) = May 16 2024 09:14:18 (UTC)
* ds
* SeacatPlus V 1.6b  SERIAL NO. 5262    16 May 2024  09:15:17
# nquan = 14
# nvalues = 101                         
# units = specified
# name 0 = scan: Scan Count
# name 1 = timeJ: Julian Days
# name 2 = prdM: Pressure, Strain Gauge [db]
# name 3 = tv290C: Temperature [ITS-90, deg C]
# name 4 = c0mS/cm: Conductivity [mS/cm]
# name 5 = wetStar: Fluorescence, WET Labs WETstar [mg/m^3]
# name 6 = par: PAR/Irradiance, Biospherical/Licor [umol photons/m^2/sec]
# name 7 = sbeox0Mm/L: Oxygen, SBE 43 [umol/l]
# name 8 = sbeox0PS: Oxygen, SBE 43 [% saturation]
# name 9 = depSM: Depth [salt water, m], lat = 56
# name 10 = sal00: Salinity, Practical [PSU]
# name 11 = sigma-é00: Density [sigma-theta, kg/m^3]
# name 12 = svCM: Sound Velocity [Chen-Millero, m/s]
# name 13 = flag: flag
# span 0 =        635,       2292       
# span 1 = 137.379265, 137.384060       
# span 2 =      1.000,     51.000       
# span 3 =     9.3063,    11.6753       
# span 4 =  35.654175,  36.416384       
# span 5 =     0.1435,     9.7051       
# span 6 = -1.335e-06, 2.1873e+02       
# span 7 =    187.443,    294.284       
# span 8 =     67.171,    104.633       
# span 9 =      0.991,     50.530       
# span 10 =    31.0632,    33.2870      
# span 11 =    23.5924,    25.7199      
# span 12 =    1485.56,    1491.01      
# span 13 = 0.0000e+00, 0.0000e+00      
# interval = decibars: 1                
# start_time = May 16 2024 09:03:30 [Instrument's time stamp, header]
# bad_flag = -9.990e-29
*END*
        635 137.379265      1.000    11.6753  35.654175     0.1457 1.6694e+02    187.443     67.171      0.991    31.0632    23.5924    1491.01 0.0000e+00
        661 137.379340      2.000    11.4740  35.851186     0.1435 1.2189e+02    196.761     70.151      1.982    31.4245    23.9090    1490.76 0.0000e+00
        682 137.379402      3.000    11.0437  36.250317     0.1871 9.5339e+01    222.287     78.446      2.973    32.1869    24.5781    1490.18 0.0000e+00
        703 137.379463      4.000    10.3627  36.240754     0.2377 7.6947e+01    278.917     97.738      3.963    32.7818    25.1591    1488.50 0.0000e+00
        724 137.379523      5.000    10.0597  36.078545     0.3075 6.0533e+01    277.390     96.900      4.954    32.8921    25.2964    1487.56 0.0000e+00
        745 137.379585      6.000     9.8869  35.979711     0.6043 4.6927e+01    270.484     94.217      5.945    32.9488    25.3695    1487.02 0.0000e+00
        766 137.379644      7.000     9.7534  35.937008     4.5170 3.5736e+01    236.929     82.405      6.936    33.0271    25.4527    1486.65 0.0000e+00
        784 137.379698      8.000     9.6839  35.917336     9.7051 2.6908e+01    259.186     89.836      7.927    33.0704    25.4979    1486.47 0.0000e+00
        799 137.379739      9.000     9.5392  35.809390     8.6073 2.1439e+01    251.191     86.943      8.918    33.0926    25.5389    1485.99 0.0000e+00
        813 137.379780     10.000     9.4561  35.757195     8.5001 1.7006e+01    249.118     86.174      9.909    33.1153    25.5701    1485.73 0.0000e+00
        827 137.379822     11.000     9.4222  35.734683     4.7368 1.2885e+01    248.517     85.946     10.900    33.1230    25.5816    1485.63 0.0000e+00
        841 137.379862     12.000     9.4069  35.728814     3.9580 8.6230e+00    247.558     85.668     11.890    33.1307    25.5901    1485.60 0.0000e+00
        855 137.379900     13.000     9.4036  35.744454     3.3101 7.3798e+00    247.591     85.848     12.882    33.1494    25.6052    1485.63 0.0000e+00
        869 137.379942     14.000     9.4861  35.866604     2.8435 5.9577e+00    248.630     86.221     13.872    33.1983    25.6302    1486.00 0.0000e+00
        883 137.379981     15.000     9.5102  35.892821     2.0135 4.9548e+00    248.204     86.076     14.863    33.2025    25.6296    1486.11 0.0000e+00
        896 137.380020     16.000     9.5077  35.895784     1.5450 4.2151e+00    248.018     86.020     15.854    33.2074    25.6338    1486.12 0.0000e+00
        910 137.380062     17.000     9.5128  35.903486     1.2881 3.5936e+00    248.293     86.090     16.845    33.2102    25.6352    1486.16 0.0000e+00
        924 137.380101     18.000     9.5054  35.898692     1.3923 3.0652e+00    248.162     85.979     17.835    33.2117    25.6376    1486.16 0.0000e+00
        938 137.380142     19.000     9.4716  35.871803     1.2054 2.6254e+00    247.869     85.822     18.826    33.2148    25.6455    1486.05 0.0000e+00
        952 137.380183     20.000     9.4438  35.849996     1.0502 2.2330e+00    247.422     85.606     19.817    33.2177    25.6523    1485.97 0.0000e+00
        967 137.380226     21.000     9.4008  35.816073     1.1272 1.8760e+00    247.033     85.502     20.808    33.2222    25.6628    1485.83 0.0000e+00
        981 137.380266     22.000     9.4133  35.846424     0.9731 1.2867e+00    244.653     84.516     21.799    33.2415    25.6758    1485.92 0.0000e+00
        995 137.380308     23.000     9.3513  35.775761     0.8871 1.3437e+00    241.942     83.555     22.790    33.2257    25.6735    1485.69 0.0000e+00
       1009 137.380347     24.000     9.3063  35.747960     0.8582 1.0272e+00    241.986     83.574     23.780    33.2384    25.6906    1485.56 0.0000e+00
       1023 137.380387     25.000     9.3094  35.758535     0.8451 7.3352e-01    243.317     84.040     24.771    33.2460    25.6961    1485.59 0.0000e+00
       1037 137.380429     26.000     9.3099  35.769529     0.7765 6.9925e-01    244.602     84.488     25.762    33.2564    25.7042    1485.63 0.0000e+00
       1051 137.380468     27.000     9.3113  35.773917     0.6180 5.6233e-01    244.305     84.392     26.753    33.2592    25.7062    1485.65 0.0000e+00
       1065 137.380508     28.000     9.3141  35.778294     0.5897 3.9665e-01    244.583     84.499     27.743    33.2607    25.7069    1485.68 0.0000e+00
       1079 137.380552     29.000     9.3181  35.784502     0.5783 2.6209e-01    244.220     84.394     28.734    33.2629    25.7081    1485.71 0.0000e+00
       1094 137.380593     30.000     9.3277  35.797468     0.5706 2.1033e-01    242.747     83.896     29.725    33.2669    25.7096    1485.77 0.0000e+00
       1109 137.380635     31.000     9.3349  35.806098     0.6314 1.7163e-01    242.209     83.717     30.716    33.2687    25.7099    1485.81 0.0000e+00
       1123 137.380676     32.000     9.3386  35.810557     0.7478 1.4812e-01    241.834     83.592     31.706    33.2693    25.7098    1485.85 0.0000e+00
       1137 137.380719     33.000     9.3409  35.813831     0.8187 1.1367e-01    241.687     83.550     32.697    33.2701    25.7101    1485.87 0.0000e+00
       1151 137.380759     34.000     9.3443  35.819323     0.7946 6.9483e-02    242.121     83.708     33.688    33.2722    25.7112    1485.90 0.0000e+00
       1166 137.380800     35.000     9.3487  35.825949     0.7538 4.4698e-02    241.683     83.559     34.679    33.2745    25.7123    1485.94 0.0000e+00
       1180 137.380842     36.000     9.3505  35.828738     0.7908 2.2956e-02    242.120     83.714     35.669    33.2753    25.7127    1485.96 0.0000e+00
       1194 137.380884     37.000     9.3524  35.831835     0.7074 5.5857e-03    242.099     83.719     36.660    33.2763    25.7131    1485.99 0.0000e+00
       1209 137.380924     38.000     9.3559  35.838509     0.8136 1.8552e-03    242.411     83.830     37.651    33.2794    25.7150    1486.02 0.0000e+00
       1223 137.380966     39.000     9.3598  35.844074     0.8117 5.8452e-05    241.263     83.433     38.641    33.2811    25.7157    1486.05 0.0000e+00
       1238 137.381010     40.000     9.3589  35.844483     0.7319 -1.335e-06    241.154     83.398     39.632    33.2819    25.7166    1486.07 0.0000e+00
       1252 137.381051     41.000     9.3597  35.846217     0.7723 1.0000e-12    240.760     83.270     40.623    33.2825    25.7169    1486.09 0.0000e+00
       1267 137.381093     42.000     9.3630  35.851646     0.7611 1.0000e-12    241.359     83.485     41.614    33.2845    25.7180    1486.12 0.0000e+00
       1281 137.381134     43.000     9.3676  35.857160     0.7723 1.0000e-12    241.444     83.518     42.604    33.2856    25.7181    1486.15 0.0000e+00
       1296 137.381178     44.000     9.3699  35.860090     0.7910 1.0000e-12    241.557     83.564     43.595    33.2860    25.7181    1486.18 0.0000e+00
       1311 137.381221     45.000     9.3730  35.864013     0.7104 1.0000e-12    241.620     83.587     44.586    33.2867    25.7181    1486.21 0.0000e+00
       1326 137.381264     46.000     9.3742  35.865692     0.7625 1.0000e-12    241.082     83.394     45.576    33.2868    25.7180    1486.23 0.0000e+00
       1341 137.381307     47.000     9.3724  35.863544     0.7773 1.0000e-12    239.903     82.974     46.567    33.2859    25.7176    1486.24 0.0000e+00
       1356 137.381351     48.000     9.3646  35.857173     0.7912 1.0000e-12    240.040     83.014     47.558    33.2861    25.7190    1486.22 0.0000e+00
       1372 137.381398     49.000     9.3611  35.853432     0.8457 1.0000e-12    238.258     82.390     48.548    33.2851    25.7188    1486.23 0.0000e+00
       1389 137.381447     50.000     9.3561  35.849320     0.9236 1.0000e-12    237.878     82.257     49.539    33.2850    25.7196    1486.22 0.0000e+00
       1439 137.381592     51.000     9.3571  35.851241     1.0423 1.0000e-12    237.557     82.153     50.530    33.2856    25.7199    1486.25 0.0000e+00
       1459 137.381650     50.000     9.3592  35.852874     1.1152 1.0000e-12    237.995     82.307     49.539    33.2858    25.7197    1486.24 0.0000e+00
       1477 137.381703     49.000     9.3601  35.853093     0.9722 1.0000e-12    238.670     82.542     48.549    33.2856    25.7194    1486.22 0.0000e+00
       1495 137.381755     48.000     9.3609  35.853857     0.9361 1.0000e-12    239.133     82.704     47.558    33.2861    25.7196    1486.21 0.0000e+00
       1514 137.381808     47.000     9.3625  35.854936     0.8585 1.0000e-12    239.540     82.858     46.567    33.2862    25.7194    1486.20 0.0000e+00
       1531 137.381858     46.000     9.3687  35.860820     0.8767 1.0000e-12    240.361     83.147     45.576    33.2870    25.7191    1486.21 0.0000e+00
       1549 137.381909     45.000     9.3718  35.862774     0.7933 1.0000e-12    241.202     83.444     44.586    33.2865    25.7181    1486.20 0.0000e+00
       1566 137.381960     44.000     9.3754  35.865262     0.7792 1.0000e-12    241.131     83.416     43.595    33.2862    25.7173    1486.20 0.0000e+00
       1584 137.382012     43.000     9.3738  35.862303     0.6993 1.0000e-12    241.092     83.397     42.604    33.2851    25.7167    1486.17 0.0000e+00
       1602 137.382064     42.000     9.3710  35.858371     0.7642 1.0000e-12    240.856     83.310     41.614    33.2841    25.7163    1486.15 0.0000e+00
       1619 137.382114     41.000     9.3688  35.854888     0.9043 1.0000e-12    240.577     83.209     40.623    33.2830    25.7158    1486.12 0.0000e+00
       1637 137.382164     40.000     9.3662  35.851534     0.8120 1.0000e-12    240.827     83.290     39.632    33.2824    25.7158    1486.09 0.0000e+00
       1654 137.382212     39.000     9.3638  35.848062     0.8353 1.0000e-12    241.625     83.562     38.641    33.2815    25.7154    1486.07 0.0000e+00
       1671 137.382261     38.000     9.3622  35.844457     0.7874 1.0000e-12    242.193     83.751     37.651    33.2798    25.7143    1486.04 0.0000e+00
       1687 137.382310     37.000     9.3587  35.838568     0.6937 4.8881e-05    241.874     83.635     36.660    33.2773    25.7129    1486.01 0.0000e+00
       1705 137.382360     36.000     9.3559  35.834282     0.7642 2.0227e-03    241.690     83.567     35.669    33.2760    25.7123    1485.98 0.0000e+00
       1722 137.382411     35.000     9.3542  35.830881     0.7994 1.0548e-02    241.415     83.468     34.679    33.2745    25.7114    1485.96 0.0000e+00
       1739 137.382459     34.000     9.3520  35.827282     0.7860 2.3180e-02    241.987     83.659     33.688    33.2732    25.7108    1485.93 0.0000e+00
       1756 137.382508     33.000     9.3496  35.822881     0.8650 5.8800e-02    241.932     83.632     32.697    33.2714    25.7097    1485.91 0.0000e+00
       1772 137.382555     32.000     9.3455  35.816366     0.7749 9.5447e-02    242.167     83.693     31.706    33.2690    25.7085    1485.87 0.0000e+00
       1789 137.382603     31.000     9.3368  35.803753     0.6921 1.3485e-01    243.570     84.154     30.716    33.2644    25.7063    1485.82 0.0000e+00
       1805 137.382651     30.000     9.3247  35.788908     0.5650 1.7504e-01    244.326     84.401     29.725    33.2608    25.7054    1485.75 0.0000e+00
       1822 137.382699     29.000     9.3173  35.779373     0.5598 2.2664e-01    244.727     84.536     28.734    33.2583    25.7046    1485.70 0.0000e+00
       1839 137.382748     28.000     9.3148  35.775969     0.5420 2.8918e-01    243.961     84.268     27.743    33.2576    25.7044    1485.68 0.0000e+00
       1856 137.382797     27.000     9.3137  35.773240     0.6396 3.6807e-01    243.896     84.246     26.753    33.2563    25.7036    1485.66 0.0000e+00
       1872 137.382846     26.000     9.3152  35.770102     0.6524 4.7982e-01    243.161     83.994     25.762    33.2521    25.7000    1485.64 0.0000e+00
       1889 137.382894     25.000     9.3176  35.767468     0.8484 6.2467e-01    242.854     83.885     24.771    33.2476    25.6961    1485.63 0.0000e+00
       1906 137.382942     24.000     9.3168  35.763237     0.8334 7.9723e-01    243.081     83.971     23.780    33.2444    25.6937    1485.60 0.0000e+00
       1922 137.382989     23.000     9.3216  35.765181     0.8568 1.0994e+00    243.716     84.262     22.790    33.2424    25.6913    1485.60 0.0000e+00
       1938 137.383036     22.000     9.3521  35.799714     0.8281 1.3024e+00    246.338     85.242     21.799    33.2502    25.6925    1485.71 0.0000e+00
       1954 137.383082     21.000     9.3988  35.834002     1.0397 1.5513e+00    246.818     85.389     20.808    33.2426    25.6791    1485.85 0.0000e+00
       1970 137.383129     20.000     9.3934  35.813748     0.8431 1.8496e+00    247.599     85.717     19.817    33.2272    25.6678    1485.80 0.0000e+00
       1986 137.383174     19.000     9.4206  35.836157     1.0623 2.2019e+00    248.281     85.989     18.826    33.2255    25.6621    1485.88 0.0000e+00
       2001 137.383218     18.000     9.4431  35.852180     0.9910 2.5383e+00    248.335     86.051     17.836    33.2215    25.6554    1485.94 0.0000e+00
       2017 137.383265     17.000     9.4664  35.870129     1.3015 2.9751e+00    248.499     86.135     16.845    33.2189    25.6495    1486.00 0.0000e+00
       2033 137.383311     16.000     9.4829  35.881052     1.4240 3.5212e+00    248.350     86.101     15.854    33.2153    25.6440    1486.04 0.0000e+00
       2049 137.383358     15.000     9.4947  35.885533     1.3402 4.2619e+00    249.039     86.328     14.863    33.2093    25.6374    1486.06 0.0000e+00
       2065 137.383403     14.000     9.4932  35.872920     1.5166 5.3833e+00    248.998     86.249     13.872    33.1983    25.6290    1486.03 0.0000e+00
       2081 137.383449     13.000     9.4738  35.830643     1.6667 6.6693e+00    248.310     85.921     12.881    33.1732    25.6125    1485.91 0.0000e+00
       2096 137.383494     12.000     9.4315  35.764843     1.9951 8.3276e+00    248.732     86.042     11.890    33.1450    25.5973    1485.71 0.0000e+00
       2112 137.383539     11.000     9.4167  35.740520     2.6056 1.0638e+01    249.486     86.298     10.900    33.1341    25.5912    1485.62 0.0000e+00
       2128 137.383583     10.000     9.4153  35.732633     3.1420 1.3396e+01    249.291     86.242      9.909    33.1277    25.5864    1485.59 0.0000e+00
       2143 137.383629      9.000     9.4214  35.732386     3.1828 1.6784e+01    250.855     86.838      8.918    33.1223    25.5811    1485.59 0.0000e+00
       2158 137.383673      8.000     9.4486  35.744854     3.6511 2.2015e+01    255.074     88.453      7.927    33.1104    25.5675    1485.66 0.0000e+00
       2174 137.383717      7.000     9.5313  35.787170     4.4372 2.8110e+01    261.535     90.853      6.936    33.0779    25.5287    1485.91 0.0000e+00
       2189 137.383762      6.000     9.6159  35.831882     5.4730 3.6969e+01    268.852     93.607      5.945    33.0463    25.4902    1486.16 0.0000e+00
       2204 137.383806      5.000     9.7298  35.895773     6.5315 5.5157e+01    276.139     96.427      4.955    33.0075    25.4412    1486.51 0.0000e+00
       2221 137.383855      4.000     9.8959  35.982908     7.2543 7.4775e+01    284.862     99.934      3.964    32.9447    25.3648    1487.02 0.0000e+00
       2243 137.383919      3.000    10.2087  36.189284     6.3183 9.9998e+01    292.490    103.459      2.973    32.8697    25.2538    1488.04 0.0000e+00
       2269 137.383993      2.000    10.6749  36.416384     3.6689 1.4145e+02    294.284    104.633      1.982    32.6782    25.0248    1489.46 0.0000e+00
       2292 137.384060      1.000    11.0540  36.166020     2.8239 2.1873e+02    274.049     97.794      0.991    32.0959    24.5054    1490.08 0.0000e+00
