Day_2_Loch_Creran/2024-05-16/sbe19p_5262_20240516_c6_1m.cnv
* Sea-Bird SBE 19plus Data File:
* FileName = C:\Data\sbe55_sbe19p_5262\2024-05-16\sbe19p_5262_20240516_c6045.hex
* Software Version SeatermAF 2.1.4
* Temperature SN = 5262
* Conductivity SN = 5262
* System UpLoad Time = May 16 2024 12:56:21 (localtime) = May 16 2024 12:56:21 (UTC)
* ds
* SeacatPlus V 1.6b  SERIAL NO. 5262    16 May 2024  12:57:14
# nquan = 14
# nvalues = 53                          
# units = specified
# name 0 = scan: Scan Count
# name 1 = timeJ: Julian Days
# name 2 = prdM: Pressure, Strain Gauge [db]
# name 3 = tv290C: Temperature [ITS-90, deg C]
# name 4 = c0mS/cm: Conductivity [mS/cm]
# name 5 = wetStar: Fluorescence, WET Labs WETstar [mg/m^3]
# name 6 = par: PAR/Irradiance, Biospherical/Licor [umol photons/m^2/sec]
# name 7 = sbeox0Mm/L: Oxygen, SBE 43 [umol/l]
# name 8 = sbeox0PS: Oxygen, SBE 43 [% saturation]
# name 9 = depSM: Depth [salt water, m], lat = 56
# name 10 = sal00: Salinity, Practical [PSU]
# name 11 = sigma-é00: Density [sigma-theta, kg/m^3]
# name 12 = svCM: Sound Velocity [Chen-Millero, m/s]
# name 13 = flag: flag
# span 0 =        498,       1398       
# span 1 = 137.535628, 137.538232       
# span 2 =      1.000,     27.000       
# span 3 =     9.9758,    12.3386       
# span 4 =  35.737754,  36.339970       
# span 5 =     1.8155,    16.5356       
# span 6 = -1.888e-04, 2.1034e+02       
# span 7 =    220.929,    308.989       
# span 8 =     77.120,    109.894       
# span 9 =      0.991,     26.753       
# span 10 =    31.1253,    32.6148      
# span 11 =    23.5193,    25.0932      
# span 12 =    1487.22,    1493.38      
# span 13 = 0.0000e+00, 0.0000e+00      
# interval = decibars: 1                
# start_time = May 16 2024 12:49:14 [Instrument's time stamp, header]
# bad_flag = -9.990e-29
*END*
        498 137.535628      1.000    12.3386  36.295841     1.8155 2.1034e+02    298.605    106.146      0.991    31.1253    23.5193    1493.38 0.0000e+00
        517 137.535684      2.000    11.0161  36.171577     1.8649 1.5015e+02    308.989    109.894      1.982    32.1332    24.5411    1490.01 0.0000e+00
        533 137.535728      3.000    10.9142  36.278605     2.9877 1.0912e+02    307.237    109.170      2.973    32.3280    24.7105    1489.90 0.0000e+00
        549 137.535775      4.000    10.8643  36.339970     3.1702 8.2680e+01    302.738    107.357      3.964    32.4326    24.8007    1489.86 0.0000e+00
        564 137.535820      5.000    10.7675  36.287962     3.3008 6.3488e+01    304.211    107.735      4.954    32.4663    24.8438    1489.58 0.0000e+00
        580 137.535865      6.000    10.6766  36.251201     4.6292 4.9718e+01    298.712    105.752      5.945    32.5100    24.8936    1489.32 0.0000e+00
        595 137.535908      7.000    10.6605  36.265693     6.0607 3.8158e+01    292.610    103.453      6.936    32.5384    24.9186    1489.32 0.0000e+00
        610 137.535953      8.000    10.5949  36.228745     6.1115 2.8202e+01    288.751    101.883      7.927    32.5596    24.9464    1489.13 0.0000e+00
        626 137.535998      9.000    10.5095  36.156960     7.0618 1.9506e+01    284.872    100.228      8.918    32.5636    24.9642    1488.84 0.0000e+00
        641 137.536043     10.000    10.3816  36.035781     7.6191 1.5122e+01    281.803     98.838      9.909    32.5561    24.9802    1488.39 0.0000e+00
        657 137.536087     11.000    10.2369  35.906651     9.7010 1.1472e+01    269.294     94.230     10.900    32.5556    25.0043    1487.89 0.0000e+00
        672 137.536132     12.000    10.1166  35.817199    16.0315 8.5811e+00    255.245     89.250     11.890    32.5730    25.0381    1487.50 0.0000e+00
        687 137.536176     13.000    10.0655  35.795303    16.5356 5.8920e+00    251.795     88.025     12.881    32.5965    25.0650    1487.36 0.0000e+00
        702 137.536219     14.000    10.0548  35.793148    11.9930 3.3773e+00    252.599     88.276     13.872    32.6035    25.0722    1487.34 0.0000e+00
        718 137.536264     15.000    10.0386  35.781415     9.6994 2.4389e+00    250.450     87.502     14.863    32.6057    25.0767    1487.30 0.0000e+00
        733 137.536309     16.000    10.0263  35.772962     8.5587 1.8062e+00    244.675     85.457     15.854    32.6078    25.0804    1487.28 0.0000e+00
        749 137.536353     17.000    10.0094  35.762662     6.8102 1.2559e+00    240.049     83.827     16.844    32.6122    25.0866    1487.24 0.0000e+00
        764 137.536397     18.000    10.0025  35.757076     6.8653 8.6174e-01    237.164     82.810     17.835    32.6124    25.0880    1487.23 0.0000e+00
        780 137.536443     19.000     9.9949  35.751870     6.5323 6.4263e-01    235.466     82.212     18.826    32.6135    25.0901    1487.22 0.0000e+00
        796 137.536489     20.000     9.9926  35.750171     6.8062 4.0567e-01    233.524     81.527     19.817    32.6134    25.0904    1487.23 0.0000e+00
        812 137.536536     21.000     9.9882  35.747212     6.9491 2.4526e-01    232.967     81.336     20.808    32.6139    25.0916    1487.23 0.0000e+00
        827 137.536581     22.000     9.9896  35.749772     6.6353 1.7403e-01    231.425     80.791     21.799    32.6148    25.0921    1487.25 0.0000e+00
        843 137.536626     23.000     9.9872  35.747079     6.2460 1.0431e-01    230.593     80.490     22.790    32.6138    25.0917    1487.26 0.0000e+00
        858 137.536671     24.000     9.9814  35.742035     6.7230 4.3253e-02    226.490     79.055     23.780    32.6135    25.0924    1487.25 0.0000e+00
        874 137.536717     25.000     9.9790  35.740598     6.8516 1.8214e-02    221.797     77.411     24.771    32.6138    25.0931    1487.26 0.0000e+00
        891 137.536764     26.000     9.9758  35.737754     7.8876 1.4929e-03    221.896     77.441     25.762    32.6133    25.0932    1487.27 0.0000e+00
        927 137.536869     27.000     9.9782  35.740611     8.2545 -1.888e-04    220.929     77.120     26.753    32.6137    25.0932    1487.29 0.0000e+00
        953 137.536945     26.000     9.9860  35.746613     8.2937 1.0000e-12    222.122     77.544     25.762    32.6132    25.0915    1487.30 0.0000e+00
        974 137.537007     25.000     9.9874  35.747892     8.0723 6.6870e-06    223.364     77.984     24.771    32.6136    25.0916    1487.29 0.0000e+00
        993 137.537060     24.000     9.9906  35.750523     7.6145 4.8944e-03    227.873     79.566     23.780    32.6138    25.0912    1487.29 0.0000e+00
       1011 137.537112     23.000     9.9949  35.754091     7.1120 2.0975e-02    229.829     80.257     22.790    32.6139    25.0905    1487.29 0.0000e+00
       1028 137.537161     22.000     9.9994  35.758358     7.0515 9.4956e-02    231.330     80.785     21.799    32.6147    25.0903    1487.29 0.0000e+00
       1045 137.537211     21.000    10.0018  35.759670     6.5458 1.9830e-01    232.627     81.238     20.808    32.6143    25.0896    1487.28 0.0000e+00
       1062 137.537261     20.000    10.0021  35.758910     6.7935 3.2676e-01    233.275     81.464     19.817    32.6137    25.0891    1487.26 0.0000e+00
       1080 137.537312     19.000    10.0018  35.758126     6.7582 4.4129e-01    234.171     81.781     18.826    32.6136    25.0890    1487.24 0.0000e+00
       1097 137.537362     18.000    10.0041  35.759727     6.4548 6.7705e-01    236.472     82.593     17.835    32.6136    25.0886    1487.24 0.0000e+00
       1115 137.537412     17.000    10.0087  35.763604     6.5448 9.7422e-01    240.298     83.945     16.845    32.6138    25.0880    1487.24 0.0000e+00
       1132 137.537462     16.000    10.0170  35.769943     6.4704 1.2947e+00    245.199     85.679     15.854    32.6132    25.0861    1487.25 0.0000e+00
       1149 137.537510     15.000    10.0288  35.778209     6.9559 1.7561e+00    248.811     86.960     14.863    32.6113    25.0827    1487.28 0.0000e+00
       1165 137.537559     14.000    10.0394  35.785528     7.4640 2.4314e+00    250.809     87.683     13.872    32.6097    25.0796    1487.29 0.0000e+00
       1182 137.537608     13.000    10.0530  35.794964     8.6779 3.6640e+00    252.085     88.156     12.881    32.6074    25.0755    1487.32 0.0000e+00
       1200 137.537658     12.000    10.0689  35.803885    11.0269 5.4856e+00    260.263     91.108     11.890    32.6024    25.0690    1487.36 0.0000e+00
       1217 137.537707     11.000    10.1159  35.839401    13.8997 7.8314e+00    272.800     95.698     10.900    32.5965    25.0565    1487.50 0.0000e+00
       1234 137.537757     10.000    10.2102  35.916973    14.5433 1.0431e+01    280.180     98.516      9.909    32.5904    25.0359    1487.82 0.0000e+00
       1251 137.537806      9.000    10.3204  36.011890    10.8360 1.3014e+01    283.759    100.024      8.918    32.5874    25.0150    1488.19 0.0000e+00
       1267 137.537853      8.000    10.4290  36.112038     8.8445 1.7184e+01    289.483    102.269      7.927    32.5911    24.9994    1488.57 0.0000e+00
       1284 137.537902      7.000    10.5412  36.197285     7.5635 2.2954e+01    294.313    104.113      6.936    32.5766    24.9688    1488.94 0.0000e+00
       1301 137.537952      6.000    10.6132  36.234790     6.1950 3.2149e+01    300.526    106.370      5.945    32.5501    24.9359    1489.15 0.0000e+00
       1318 137.538000      5.000    10.6488  36.236212     5.8057 4.0366e+01    303.315    107.469      4.954    32.5203    24.9064    1489.22 0.0000e+00
       1336 137.538051      4.000    10.7022  36.270915     5.2731 5.3445e+01    303.063    107.528      3.964    32.5078    24.8874    1489.38 0.0000e+00
       1356 137.538110      3.000    10.7842  36.294543     4.1732 7.0127e+01    305.434    108.418      2.973    32.4588    24.8351    1489.60 0.0000e+00
       1377 137.538170      2.000    10.8439  36.240667     3.6632 9.2178e+01    304.245    108.275      1.982    32.3529    24.7422    1489.66 0.0000e+00
       1398 137.538232      1.000    11.0663  36.233783     3.2504 1.3256e+02    299.539    107.549      0.991    32.1512    24.5462    1490.19 0.0000e+00
