Day_2_Loch_Creran/2024-05-16/sbe19p_5262_20240516_c5.cnv
* Sea-Bird SBE 19plus Data File:
* FileName = C:\Data\sbe55_sbe19p_5262\2024-05-16\sbe19p_5262_20240516_c5044.hex
* Software Version SeatermAF 2.1.4
* Temperature SN = 5262
* Conductivity SN = 5262
* System UpLoad Time = May 16 2024 12:37:04 (localtime) = May 16 2024 12:37:04 (UTC)
* ds
* SeacatPlus V 1.6b  SERIAL NO. 5262    16 May 2024  12:38:10
# nquan = 14                                
# nvalues = 1008                        
# units = specified
# name 0 = scan: Scan Count
# name 1 = timeJ: Julian Days
# name 2 = prdM: Pressure, Strain Gauge [db]
# name 3 = tv290C: Temperature [ITS-90, deg C]
# name 4 = c0mS/cm: Conductivity [mS/cm]
# name 5 = wetStar: Fluorescence, WET Labs WETstar [mg/m^3]
# name 6 = par: PAR/Irradiance, Biospherical/Licor [umol photons/m^2/sec]
# name 7 = sbeox0Mm/L: Oxygen, SBE 43 [umol/l]
# name 8 = sbeox0PS: Oxygen, SBE 43 [% saturation]
# name 9 = depSM: Depth [salt water, m], lat = 56
# name 10 = sal00: Salinity, Practical [PSU]
# name 11 = sigma-é00: Density [sigma-theta, kg/m^3]
# name 12 = svCM: Sound Velocity [Chen-Millero, m/s]
# name 13 = flag: flag
# span 0 =        301,       1308       
# span 1 = 137.522507, 137.525421       
# span 2 =     -0.209,     20.857       
# span 3 =    10.0669,    12.0702       
# span 4 =   1.930070,  36.680779       
# span 5 =     0.1464,    20.8041       
# span 6 = 2.1517e-01, 8.3108e+02       
# span 7 =    229.248,    346.258       
# span 8 =     68.530,    111.571       
# span 9 =     -0.207,     20.666       
# span 10 =     1.3624,    32.6400      
# span 11 =     0.6507,    25.0970      
# span 12 =    1453.72,    1493.16      
# span 13 = 0.0000e+00, 0.0000e+00      
# interval = seconds: 0.25
# start_time = May 16 2024 12:31:10 [Instrument's time stamp, header]
# bad_flag = -9.990e-29
*END*
[from data line 413]
        714 137.523712     16.233    10.0771  35.834972     9.8292 1.6982e+00    250.895     87.814     16.084    32.6247    25.0851    1487.49 0.0000e+00
        715 137.523712     16.298    10.0783  35.837681    10.3189 1.6567e+00    250.469     87.663     16.149    32.6263    25.0862    1487.49 0.0000e+00
        716 137.523712     16.363    10.0798  35.840469     9.3719 1.6381e+00    250.185     87.562     16.213    32.6278    25.0871    1487.50 0.0000e+00
        717 137.523712     16.427    10.0815  35.843319     9.4461 1.5989e+00    249.621     87.363     16.277    32.6291    25.0878    1487.51 0.0000e+00
        718 137.523712     16.491    10.0832  35.846230     9.3123 1.5719e+00    248.703     87.039     16.340    32.6304    25.0886    1487.52 0.0000e+00
        719 137.523727     16.554    10.0850  35.849236     9.6391 1.5405e+00    248.048     86.809     16.402    32.6318    25.0894    1487.53 0.0000e+00
        720 137.523727     16.616    10.0868  35.852329     9.4797 1.4717e+00    247.381     86.573     16.465    32.6333    25.0902    1487.54 0.0000e+00
        721 137.523727     16.679    10.0887  35.855354     9.7172 1.3461e+00    247.037     86.452     16.527    32.6347    25.0910    1487.55 0.0000e+00
        722 137.523727     16.742    10.0905  35.858185    10.0500 1.3298e+00    246.722     86.341     16.589    32.6359    25.0916    1487.56 0.0000e+00
        723 137.523727     16.806    10.0922  35.860710     8.9103 1.3086e+00    246.245     86.173     16.652    32.6369    25.0921    1487.56 0.0000e+00
        724 137.523743     16.870    10.0938  35.862808     8.6870 1.2809e+00    245.793     86.014     16.715    32.6375    25.0923    1487.57 0.0000e+00
        725 137.523743     16.934    10.0953  35.864441     7.8939 1.2650e+00    245.426     85.884     16.779    32.6378    25.0923    1487.58 0.0000e+00
        726 137.523743     16.998    10.0965  35.865635     8.6849 1.2354e+00    245.185     85.798     16.842    32.6379    25.0922    1487.58 0.0000e+00
        727 137.523743     17.061    10.0974  35.866436     7.6132 1.2122e+00    245.042     85.746     16.905    32.6379    25.0920    1487.59 0.0000e+00
        728 137.523743     17.125    10.0980  35.866867     7.4206 1.1992e+00    244.811     85.663     16.969    32.6377    25.0918    1487.59 0.0000e+00
        729 137.523743     17.189    10.0983  35.866962     7.4722 1.1844e+00    244.601     85.588     17.032    32.6376    25.0916    1487.59 0.0000e+00
        730 137.523758     17.253    10.0982  35.866795     7.1592 1.1678e+00    244.931     85.701     17.095    32.6374    25.0915    1487.59 0.0000e+00
        731 137.523758     17.317    10.0979  35.866470     7.1663 1.1410e+00    244.898     85.689     17.159    32.6374    25.0915    1487.59 0.0000e+00
        732 137.523758     17.381    10.0973  35.866001     7.0899 1.1136e+00    245.142     85.773     17.223    32.6374    25.0917    1487.59 0.0000e+00
        733 137.523758     17.446    10.0965  35.865402     6.7568 1.0919e+00    245.221     85.799     17.286    32.6374    25.0918    1487.59 0.0000e+00
        734 137.523758     17.509    10.0957  35.864693     7.0366 1.0740e+00    245.230     85.800     17.349    32.6374    25.0920    1487.59 0.0000e+00
        735 137.523773     17.572    10.0948  35.863937     7.1978 1.0564e+00    245.224     85.797     17.412    32.6374    25.0921    1487.59 0.0000e+00
        736 137.523773     17.634    10.0939  35.863232     6.4907 1.0399e+00    245.149     85.770     17.473    32.6375    25.0923    1487.58 0.0000e+00
        737 137.523773     17.696    10.0931  35.862564     6.1974 1.0228e+00    245.101     85.753     17.534    32.6376    25.0925    1487.58 0.0000e+00
        738 137.523773     17.756    10.0923  35.861908     6.3514 1.0003e+00    244.972     85.707     17.594    32.6376    25.0927    1487.58 0.0000e+00
        739 137.523773     17.816    10.0915  35.861343     5.8411 9.9286e-01    245.081     85.745     17.653    32.6377    25.0928    1487.58 0.0000e+00
        740 137.523788     17.876    10.0909  35.860840     6.6854 9.8268e-01    244.715     85.617     17.712    32.6377    25.0930    1487.58 0.0000e+00
        741 137.523788     17.936    10.0903  35.860249     6.8491 9.6114e-01    244.819     85.653     17.772    32.6376    25.0930    1487.58 0.0000e+00
        742 137.523788     17.995    10.0897  35.859512     6.1861 9.4418e-01    244.820     85.652     17.831    32.6374    25.0930    1487.58 0.0000e+00
        743 137.523788     18.055    10.0889  35.858696     6.3963 9.2466e-01    244.766     85.632     17.890    32.6372    25.0929    1487.57 0.0000e+00
        744 137.523788     18.114    10.0881  35.857872     5.8709 9.0516e-01    244.746     85.625     17.949    32.6371    25.0930    1487.57 0.0000e+00
        745 137.523804     18.173    10.0873  35.857029     6.2167 8.9082e-01    244.659     85.594     18.006    32.6370    25.0931    1487.57 0.0000e+00
        746 137.523804     18.230    10.0864  35.856133     5.8990 8.7113e-01    244.800     85.643     18.063    32.6369    25.0931    1487.57 0.0000e+00
        747 137.523804     18.285    10.0855  35.855267     6.8021 8.5811e-01    244.877     85.670     18.118    32.6368    25.0932    1487.56 0.0000e+00
        748 137.523804     18.340    10.0846  35.854527     6.0052 8.5101e-01    245.117     85.752     18.172    32.6368    25.0933    1487.56 0.0000e+00
        749 137.523804     18.394    10.0838  35.853844     5.7174 8.3438e-01    244.840     85.653     18.226    32.6368    25.0935    1487.56 0.0000e+00
        750 137.523804     18.447    10.0830  35.853119     5.6192 8.2330e-01    244.531     85.540     18.278    32.6367    25.0936    1487.56 0.0000e+00
        751 137.523819     18.499    10.0823  35.852432     6.5130 8.1647e-01    244.491     85.527     18.330    32.6367    25.0936    1487.56 0.0000e+00
        752 137.523819     18.551    10.0816  35.851933     5.9456 8.0170e-01    244.401     85.497     18.381    32.6368    25.0939    1487.55 0.0000e+00
        753 137.523819     18.601    10.0809  35.851601     5.9377 7.8213e-01    244.430     85.508     18.431    32.6370    25.0941    1487.55 0.0000e+00
        754 137.523819     18.650    10.0804  35.851345     6.1861 7.7575e-01    244.450     85.514     18.480    32.6372    25.0944    1487.55 0.0000e+00
        755 137.523819     18.698    10.0801  35.851128     5.6150 7.6448e-01    244.553     85.549     18.527    32.6373    25.0945    1487.55 0.0000e+00
        756 137.523834     18.745    10.0798  35.850899     6.0942 7.5159e-01    244.591     85.560     18.574    32.6373    25.0946    1487.55 0.0000e+00
        757 137.523834     18.791    10.0795  35.850620     6.2801 7.3514e-01    244.785     85.627     18.619    32.6373    25.0946    1487.55 0.0000e+00
        758 137.523834     18.837    10.0792  35.850296     6.1466 7.2440e-01    244.657     85.581     18.664    32.6372    25.0945    1487.55 0.0000e+00
        759 137.523834     18.882    10.0789  35.849945     6.1139 7.1437e-01    244.559     85.546     18.709    32.6371    25.0945    1487.55 0.0000e+00
        760 137.523834     18.927    10.0785  35.849617     6.5054 7.0612e-01    244.534     85.537     18.754    32.6371    25.0946    1487.55 0.0000e+00
        761 137.523849     18.972    10.0782  35.849342     5.7623 6.9934e-01    244.383     85.483     18.799    32.6371    25.0947    1487.55 0.0000e+00
        762 137.523849     19.018    10.0778  35.849068     6.0396 6.8893e-01    244.318     85.461     18.844    32.6371    25.0947    1487.55 0.0000e+00
        763 137.523849     19.064    10.0775  35.848736     5.6775 6.8473e-01    244.236     85.432     18.889    32.6370    25.0947    1487.55 0.0000e+00
        764 137.523849     19.110    10.0772  35.848309     6.4727 6.7906e-01    244.345     85.471     18.935    32.6369    25.0947    1487.55 0.0000e+00
        765 137.523849     19.156    10.0768  35.847702     5.8181 6.6102e-01    244.290     85.451     18.981    32.6366    25.0945    1487.55 0.0000e+00
        766 137.523849     19.202    10.0762  35.846924     6.0698 6.5579e-01    244.148     85.401     19.026    32.6363    25.0944    1487.55 0.0000e+00
        767 137.523865     19.248    10.0755  35.846184     6.6502 6.4072e-01    244.091     85.381     19.072    32.6362    25.0944    1487.54 0.0000e+00
        768 137.523865     19.294    10.0747  35.845875     6.3552 6.3096e-01    244.007     85.352     19.118    32.6366    25.0948    1487.54 0.0000e+00
        769 137.523865     19.341    10.0741  35.846054     5.9691 6.2557e-01    243.928     85.325     19.164    32.6373    25.0955    1487.54 0.0000e+00
        770 137.523865     19.387    10.0739  35.846134     5.6792 6.1295e-01    243.906     85.317     19.210    32.6375    25.0957    1487.54 0.0000e+00
        771 137.523865     19.434    10.0738  35.845760     5.3678 5.9898e-01    243.999     85.350     19.257    32.6372    25.0955    1487.54 0.0000e+00
        772 137.523880     19.481    10.0736  35.845142     5.5122 5.8695e-01    243.994     85.348     19.303    32.6367    25.0951    1487.54 0.0000e+00
        773 137.523880     19.528    10.0732  35.844521     6.3162 5.6878e-01    243.959     85.335     19.349    32.6365    25.0950    1487.54 0.0000e+00
        774 137.523880     19.574    10.0726  35.844021     5.2327 5.6923e-01    243.819     85.286     19.395    32.6364    25.0951    1487.54 0.0000e+00
        775 137.523880     19.620    10.0721  35.843643     5.5529 5.5232e-01    243.696     85.242     19.441    32.6365    25.0952    1487.54 0.0000e+00
        776 137.523880     19.665    10.0716  35.843315     6.0262 5.4243e-01    243.587     85.203     19.486    32.6366    25.0954    1487.54 0.0000e+00
        777 137.523895     19.710    10.0712  35.843079     5.6221 5.3411e-01    243.561     85.192     19.530    32.6367    25.0956    1487.54 0.0000e+00
        778 137.523895     19.755    10.0708  35.842972     6.0589 5.2988e-01    243.787     85.270     19.574    32.6369    25.0958    1487.54 0.0000e+00
        779 137.523895     19.799    10.0705  35.842930     5.7778 5.2215e-01    243.684     85.234     19.618    32.6371    25.0960    1487.54 0.0000e+00
        780 137.523895     19.843    10.0704  35.842899     5.8911 5.1853e-01    244.048     85.362     19.662    32.6372    25.0960    1487.54 0.0000e+00
        781 137.523895     19.888    10.0703  35.842876     6.4496 5.0697e-01    244.222     85.423     19.706    32.6372    25.0961    1487.54 0.0000e+00
        782 137.523911     19.933    10.0703  35.842842     6.1093 4.9707e-01    244.183     85.409     19.751    32.6372    25.0961    1487.54 0.0000e+00
        783 137.523911     19.978    10.0703  35.842781     6.3426 3.0030e-01    244.407     85.486     19.795    32.6371    25.0960    1487.54 0.0000e+00
        784 137.523911     20.022    10.0702  35.842777     5.8193 2.9398e-01    244.365     85.471     19.839    32.6371    25.0960    1487.54 0.0000e+00
        785 137.523911     20.065    10.0702  35.842854     5.8323 2.8399e-01    244.598     85.552     19.882    32.6372    25.0961    1487.54 0.0000e+00
        786 137.523911     20.109    10.0703  35.842930     6.0606 2.7954e-01    244.643     85.567     19.925    32.6372    25.0961    1487.54 0.0000e+00
        787 137.523911     20.152    10.0703  35.842953     5.6162 2.7916e-01    244.713     85.592     19.967    32.6372    25.0961    1487.54 0.0000e+00
        788 137.523926     20.195    10.0703  35.842934     5.8395 2.7275e-01    244.628     85.563     20.010    32.6371    25.0960    1487.54 0.0000e+00
        789 137.523926     20.238    10.0703  35.842884     5.1869 2.6639e-01    244.775     85.616     20.053    32.6371    25.0960    1487.54 0.0000e+00
        790 137.523926     20.281    10.0702  35.842731     5.6313 2.6393e-01    244.593     85.553     20.096    32.6370    25.0959    1487.54 0.0000e+00
        791 137.523926     20.325    10.0701  35.842461     6.2499 2.5700e-01    244.609     85.560     20.139    32.6368    25.0958    1487.54 0.0000e+00
        792 137.523926     20.368    10.0699  35.842125     5.5294 2.5413e-01    244.472     85.512     20.182    32.6366    25.0957    1487.54 0.0000e+00
        793 137.523941     20.411    10.0696  35.841713     5.4685 2.5211e-01    244.305     85.455     20.224    32.6364    25.0956    1487.54 0.0000e+00
        794 137.523941     20.454    10.0692  35.841255     5.5738 2.4728e-01    244.102     85.384     20.266    32.6363    25.0956    1487.54 0.0000e+00
        795 137.523941     20.495    10.0688  35.840923     5.2574 2.4594e-01    243.942     85.328     20.308    32.6364    25.0957    1487.54 0.0000e+00
        796 137.523941     20.536    10.0684  35.840778     5.9901 2.3886e-01    243.962     85.335     20.348    32.6366    25.0959    1487.54 0.0000e+00
        797 137.523941     20.577    10.0681  35.840794     6.0287 2.4063e-01    243.801     85.279     20.388    32.6369    25.0962    1487.54 0.0000e+00
        798 137.523956     20.616    10.0679  35.840775     6.3010 2.3602e-01    243.788     85.274     20.427    32.6369    25.0963    1487.54 0.0000e+00
        799 137.523956     20.654    10.0679  35.840557     5.9767 2.3243e-01    243.692     85.240     20.465    32.6368    25.0961    1487.54 0.0000e+00
        800 137.523956     20.690    10.0677  35.840271     6.2637 2.2422e-01    243.715     85.249     20.501    32.6366    25.0960    1487.54 0.0000e+00
        801 137.523956     20.724    10.0675  35.840076     6.5965 2.2471e-01    243.747     85.261     20.534    32.6366    25.0961    1487.54 0.0000e+00
        802 137.523956     20.754    10.0672  35.840012     6.2347 2.1921e-01    243.804     85.282     20.564    32.6368    25.0963    1487.54 0.0000e+00
        803 137.523972     20.780    10.0670  35.840080     5.1626 2.1713e-01    243.606     85.214     20.590    32.6370    25.0965    1487.54 -9.990e-29
        804 137.523972     20.800    10.0669  35.840290     5.6712 2.1723e-01    243.229     85.085     20.610    32.6373    25.0967    1487.54 -9.990e-29
        805 137.523972     20.816    10.0670  35.840607     5.6611 2.1702e-01    243.456     85.167     20.626    32.6375    25.0969    1487.54 -9.990e-29
        806 137.523972     20.828    10.0673  35.840969     5.9163 2.1766e-01    243.453     85.169     20.638    32.6377    25.0969    1487.54 -9.990e-29
        807 137.523972     20.838    10.0676  35.841347     5.8965 2.1835e-01    243.586     85.217     20.647    32.6377    25.0969    1487.54 -9.990e-29
        808 137.523972     20.845    10.0680  35.841724     6.5155 2.1649e-01    243.461     85.176     20.654    32.6378    25.0969    1487.54 -9.990e-29
        809 137.523987     20.850    10.0684  35.842068     6.5562 2.1761e-01    243.423     85.164     20.659    32.6377    25.0968    1487.55 -9.990e-29
        810 137.523987     20.853    10.0687  35.842358     6.3762 2.1517e-01    243.610     85.231     20.663    32.6377    25.0968    1487.55 -9.990e-29
        811 137.523987     20.856    10.0690  35.842587     6.2024 2.1644e-01    243.668     85.253     20.665    32.6377    25.0967    1487.55 -9.990e-29
        812 137.523987     20.857    10.0693  35.842720     6.4958 2.1612e-01    243.749     85.283     20.666    32.6376    25.0965    1487.55 -9.990e-29
        813 137.523987     20.857    10.0695  35.842747     6.7312 2.1649e-01    243.867     85.325     20.666    32.6374    25.0964    1487.55 -9.990e-29
        814 137.524002     20.855    10.0697  35.842758     6.1844 2.1580e-01    243.736     85.280     20.664    32.6373    25.0962    1487.55 -9.990e-29
        815 137.524002     20.852    10.0698  35.842812     5.9146 2.1591e-01    243.790     85.300     20.661    32.6372    25.0962    1487.55 -9.990e-29
        816 137.524002     20.846    10.0699  35.842972     5.8374 2.1649e-01    243.898     85.338     20.656    32.6373    25.0962    1487.55 -9.990e-29
