Day_2_Loch_Creran/2024-05-16/sbe19p_5262_20240516_c2.cnv
* Sea-Bird SBE 19plus Data File:
* FileName = C:\Data\sbe55_sbe19p_5262\2024-05-16\sbe19p_5262_20240516_C2041.hex
* Software Version SeatermAF 2.1.4
* Temperature SN = 5262
* Conductivity SN = 5262
* System UpLoad Time = May 16 2024 11:13:38 (localtime) = May 16 2024 11:13:38 (UTC)
* ds
* SeacatPlus V 1.6b  SERIAL NO. 5262    16 May 2024  11:14:43
# nquan = 14                                
# nvalues = 1603                        
# units = specified
# name 0 = scan: Scan Count
# name 1 = timeJ: Julian Days
# name 2 = prdM: Pressure, Strain Gauge [db]
# name 3 = tv290C: Temperature [ITS-90, deg C]
# name 4 = c0mS/cm: Conductivity [mS/cm]
# name 5 = wetStar: Fluorescence, WET Labs WETstar [mg/m^3]
# name 6 = par: PAR/Irradiance, Biospherical/Licor [umol photons/m^2/sec]
# name 7 = sbeox0Mm/L: Oxygen, SBE 43 [umol/l]
# name 8 = sbeox0PS: Oxygen, SBE 43 [% saturation]
# name 9 = depSM: Depth [salt water, m], lat = 56
# name 10 = sal00: Salinity, Practical [PSU]
# name 11 = sigma-é00: Density [sigma-theta, kg/m^3]
# name 12 = svCM: Sound Velocity [Chen-Millero, m/s]
# name 13 = flag: flag
# span 0 =        301,       1903       
# span 1 = 137.461761, 137.466400       
# span 2 =     -0.216,     26.133       
# span 3 =    10.2475,    11.8479       
# span 4 =   1.086026,  36.596554       
# span 5 =     0.1435,    10.6496       
# span 6 = 7.0793e-02, 4.1796e+02       
# span 7 =    236.415,    336.181       
# span 8 =     71.588,    108.841       
# span 9 =     -0.214,     25.894       
# span 10 =     0.7394,    32.6708      
# span 11 =     0.1329,    25.0905      
# span 12 =    1454.06,    1492.52      
# span 13 = 0.0000e+00, 0.0000e+00      
# interval = seconds: 0.25
# start_time = May 16 2024 11:03:41 [Instrument's time stamp, header]
# bad_flag = -9.990e-29
*END*
[from data line 1342]
       1643 137.465637      4.464    10.8027  36.303894     4.9301 3.5662e+01    285.163    101.431      4.423    32.4511    24.8259    1489.68 0.0000e+00
       1644 137.465652      4.403    10.8230  36.310371     4.6607 3.5750e+01    284.790    101.319      4.363    32.4396    24.8133    1489.73 0.0000e+00
       1645 137.465652      4.347    10.8430  36.314674     4.4396 3.5737e+01    284.464    101.238      4.308    32.4261    24.7994    1489.79 0.0000e+00
       1646 137.465652      4.295    10.8591  36.316723     4.7006 3.6591e+01    284.415    101.228      4.256    32.4139    24.7871    1489.83 0.0000e+00
       1647 137.465652      4.245    10.8694  36.318089     4.6855 3.6456e+01    284.469    101.210      4.206    32.4062    24.7793    1489.85 0.0000e+00
       1648 137.465652      4.195    10.8754  36.319828     4.9272 3.6707e+01    284.660    101.231      4.157    32.4027    24.7755    1489.87 0.0000e+00
       1649 137.465652      4.146    10.8800  36.321625     5.2751 3.7557e+01    284.754    101.217      4.108    32.4004    24.7729    1489.88 0.0000e+00
       1650 137.465668      4.096    10.8843  36.323219     5.4622 3.8406e+01    284.716    101.158      4.059    32.3981    24.7704    1489.89 0.0000e+00
       1651 137.465668      4.047    10.8882  36.324875     5.0359 3.9420e+01    284.364    101.010      4.010    32.3964    24.7683    1489.91 0.0000e+00
       1652 137.465668      3.998    10.8920  36.326767     5.2058 4.0163e+01    284.018    100.911      3.962    32.3949    24.7665    1489.92 0.0000e+00
       1653 137.465668      3.950    10.8960  36.328880     4.8387 4.0632e+01    283.561    100.795      3.914    32.3935    24.7648    1489.93 0.0000e+00
       1654 137.465668      3.902    10.9001  36.331253     4.9738 4.0782e+01    283.391    100.771      3.867    32.3922    24.7630    1489.94 0.0000e+00
       1655 137.465683      3.853    10.9047  36.333675     4.6414 4.1027e+01    283.398    100.801      3.818    32.3906    24.7610    1489.95 0.0000e+00
       1656 137.465683      3.801    10.9099  36.335945     4.6033 4.1419e+01    283.520    100.875      3.767    32.3883    24.7583    1489.97 0.0000e+00
       1657 137.465683      3.749    10.9152  36.337902     4.4476 4.2088e+01    283.905    101.056      3.715    32.3856    24.7552    1489.98 0.0000e+00
       1658 137.465683      3.697    10.9199  36.339119     4.7736 4.2730e+01    284.319    101.235      3.663    32.3826    24.7521    1489.99 0.0000e+00
       1659 137.465683      3.647    10.9231  36.340012     4.3376 4.2949e+01    284.815    101.413      3.614    32.3807    24.7500    1490.00 0.0000e+00
       1660 137.465698      3.601    10.9248  36.341431     4.2319 4.3873e+01    285.025    101.480      3.568    32.3806    24.7497    1490.01 0.0000e+00
       1661 137.465698      3.558    10.9266  36.343338     4.5919 4.3535e+01    285.074    101.496      3.526    32.3810    24.7496    1490.01 0.0000e+00
       1662 137.465698      3.517    10.9295  36.344379     4.6897 4.2873e+01    285.226    101.557      3.485    32.3795    24.7480    1490.02 0.0000e+00
       1663 137.465698      3.476    10.9321  36.342422     4.5139 4.4129e+01    285.188    101.549      3.445    32.3753    24.7442    1490.03 0.0000e+00
       1664 137.465698      3.437    10.9309  36.337055     4.5416 4.4707e+01    285.163    101.528      3.406    32.3710    24.7411    1490.02 0.0000e+00
       1665 137.465714      3.400    10.9238  36.330269     4.1207 4.4833e+01    285.187    101.511      3.369    32.3706    24.7420    1489.99 0.0000e+00
       1666 137.465714      3.368    10.9120  36.324223     3.9121 4.3688e+01    285.041    101.443      3.337    32.3750    24.7476    1489.95 0.0000e+00
       1667 137.465714      3.338    10.8987  36.320286     4.0976 4.4968e+01    285.212    101.502      3.308    32.3829    24.7560    1489.91 0.0000e+00
       1668 137.465714      3.308    10.8874  36.319859     4.1606 4.2595e+01    285.016    101.423      3.278    32.3925    24.7654    1489.89 0.0000e+00
       1669 137.465714      3.275    10.8816  36.323151     4.0875 4.6228e+01    285.114    101.452      3.245    32.4008    24.7729    1489.87 0.0000e+00
       1670 137.465714      3.234    10.8839  36.328388     4.1060 4.6489e+01    284.772    101.339      3.205    32.4041    24.7751    1489.89 0.0000e+00
       1671 137.465729      3.187    10.8929  36.333900     4.0477 4.9792e+01    284.570    101.271      3.158    32.4016    24.7715    1489.91 0.0000e+00
       1672 137.465729      3.134    10.9054  36.339420     4.0687 5.0232e+01    284.520    101.253      3.106    32.3960    24.7650    1489.95 0.0000e+00
       1673 137.465729      3.081    10.9189  36.345333     4.1161 5.3535e+01    284.704    101.325      3.053    32.3899    24.7579    1489.99 0.0000e+00
       1674 137.465729      3.031    10.9328  36.351112     3.9058 5.7743e+01    284.857    101.399      3.004    32.3834    24.7504    1490.03 0.0000e+00
       1675 137.465729      2.986    10.9466  36.354809     3.9986 5.9152e+01    284.687    101.379      2.959    32.3749    24.7414    1490.07 0.0000e+00
       1676 137.465744      2.946    10.9582  36.355759     4.0863 6.0244e+01    284.604    101.429      2.919    32.3656    24.7321    1490.10 0.0000e+00
       1677 137.465744      2.909    10.9658  36.355598     4.7396 5.6996e+01    284.667    101.560      2.883    32.3588    24.7255    1490.11 0.0000e+00
       1678 137.465744      2.874    10.9696  36.355576     4.3146 5.5756e+01    284.966    101.758      2.848    32.3554    24.7222    1490.12 0.0000e+00
       1679 137.465744      2.839    10.9714  36.355583     4.2310 5.5093e+01    285.152    101.892      2.813    32.3538    24.7206    1490.13 0.0000e+00
       1680 137.465744      2.804    10.9723  36.354866     4.2390 5.6407e+01    285.690    102.120      2.778    32.3524    24.7194    1490.13 0.0000e+00
       1681 137.465759      2.769    10.9718  36.352825     4.0254 5.8944e+01    286.167    102.321      2.744    32.3508    24.7182    1490.12 0.0000e+00
       1682 137.465759      2.736    10.9690  36.350231     4.0359 6.1087e+01    286.941    102.632      2.711    32.3507    24.7187    1490.11 0.0000e+00
       1683 137.465759      2.704    10.9642  36.348408     4.0733 6.2171e+01    288.000    103.033      2.679    32.3531    24.7214    1490.10 0.0000e+00
       1684 137.465759      2.673    10.9595  36.347004     3.6306 6.2094e+01    289.229    103.483      2.648    32.3559    24.7244    1490.09 0.0000e+00
       1685 137.465759      2.641    10.9562  36.345551     4.0338 6.2138e+01    290.388    103.896      2.617    32.3574    24.7261    1490.08 0.0000e+00
       1686 137.465759      2.606    10.9540  36.345192     4.2084 5.9821e+01    291.565    104.303      2.582    32.3590    24.7277    1490.07 0.0000e+00
       1687 137.465775      2.567    10.9533  36.346214     3.6268 5.9674e+01    292.923    104.773      2.543    32.3606    24.7291    1490.07 0.0000e+00
       1688 137.465775      2.523    10.9550  36.347748     3.9717 6.0862e+01    293.752    105.060      2.500    32.3607    24.7289    1490.07 0.0000e+00
       1689 137.465775      2.475    10.9588  36.349983     3.5219 6.4715e+01    294.611    105.398      2.453    32.3596    24.7273    1490.08 0.0000e+00
       1690 137.465775      2.427    10.9650  36.353912     4.1761 6.4670e+01    295.222    105.644      2.405    32.3580    24.7250    1490.10 0.0000e+00
       1691 137.465775      2.379    10.9752  36.360168     4.0149 6.9457e+01    295.406    105.751      2.357    32.3553    24.7211    1490.14 0.0000e+00
       1692 137.465790      2.334    10.9911  36.368954     3.9117 7.0777e+01    296.329    106.117      2.312    32.3499    24.7141    1490.18 0.0000e+00
       1693 137.465790      2.292    11.0146  36.379688     4.2096 7.3776e+01    296.849    106.319      2.271    32.3398    24.7021    1490.25 0.0000e+00
       1694 137.465790      2.254    11.0463  36.390652     3.6226 6.9690e+01    296.288    106.115      2.234    32.3228    24.6833    1490.34 0.0000e+00
       1695 137.465790      2.219    11.0834  36.400269     4.2940 6.9739e+01    296.394    106.149      2.199    32.2997    24.6588    1490.45 0.0000e+00
       1696 137.465790      2.186    11.1206  36.408047     3.9046 6.9189e+01    296.479    106.172      2.166    32.2747    24.6327    1490.55 0.0000e+00
       1697 137.465805      2.154    11.1537  36.414093     3.9092 7.9866e+01    296.533    106.245      2.134    32.2516    24.6089    1490.64 0.0000e+00
       1698 137.465805      2.121    11.1810  36.418709     3.7732 8.2682e+01    296.530    106.370      2.102    32.2323    24.5891    1490.71 0.0000e+00
       1699 137.465805      2.087    11.2030  36.422134     4.3242 8.3721e+01    296.771    106.590      2.068    32.2164    24.5728    1490.77 0.0000e+00
       1700 137.465805      2.051    11.2208  36.424274     4.0288 8.4966e+01    297.195    106.828      2.033    32.2029    24.5592    1490.81 0.0000e+00
       1701 137.465805      2.013    11.2343  36.424995     3.9801 8.5641e+01    298.410    107.285      1.994    32.1919    24.5482    1490.84 0.0000e+00
       1702 137.465820      1.971    11.2434  36.424313     4.1677 8.6307e+01    299.824    107.800      1.953    32.1833    24.5399    1490.86 0.0000e+00
       1703 137.465820      1.928    11.2488  36.422554     3.6113 8.8848e+01    300.498    108.068      1.911    32.1768    24.5339    1490.88 0.0000e+00
       1704 137.465820      1.885    11.2520  36.420177     3.6956 9.1737e+01    301.144    108.324      1.868    32.1718    24.5294    1490.88 0.0000e+00
       1705 137.465820      1.841    11.2552  36.417370     3.8093 9.2482e+01    301.373    108.413      1.825    32.1662    24.5245    1490.88 0.0000e+00
       1706 137.465820      1.798    11.2611  36.414566     4.0259 9.3069e+01    301.486    108.460      1.782    32.1583    24.5173    1490.89 0.0000e+00
       1707 137.465820      1.755    11.2710  36.412617     3.3331 9.4587e+01    301.407    108.460      1.739    32.1478    24.5073    1490.92 0.0000e+00
       1708 137.465836      1.713    11.2839  36.411892     3.8916 9.2726e+01    301.055    108.369      1.697    32.1359    24.4958    1490.95 0.0000e+00
       1709 137.465836      1.671    11.2980  36.412331     3.2852 9.3875e+01    300.553    108.211      1.655    32.1240    24.4841    1490.98 0.0000e+00
       1710 137.465836      1.629    11.3114  36.413845     3.2873 9.5188e+01    300.139    108.077      1.615    32.1138    24.4737    1491.01 0.0000e+00
       1711 137.465836      1.590    11.3228  36.416367     3.3024 9.7835e+01    299.921    108.009      1.576    32.1064    24.4660    1491.04 0.0000e+00
       1712 137.465836      1.553    11.3327  36.420349     3.4241 9.9064e+01    299.622    107.911      1.539    32.1017    24.4605    1491.07 0.0000e+00
       1713 137.465851      1.518    11.3438  36.426678     3.3536 9.9395e+01    299.359    107.840      1.504    32.0983    24.4559    1491.11 0.0000e+00
       1714 137.465851      1.485    11.3599  36.436329     3.2798 9.7766e+01    299.198    107.807      1.471    32.0937    24.4494    1491.16 0.0000e+00
       1715 137.465851      1.453    11.3852  36.449051     3.3339 9.8942e+01    299.222    107.855      1.440    32.0842    24.4375    1491.23 0.0000e+00
       1716 137.465851      1.421    11.4198  36.462093     3.5370 1.0031e+02    299.121    107.859      1.408    32.0670    24.4179    1491.33 0.0000e+00
       1717 137.465851      1.388    11.4579  36.471897     3.1950 1.0248e+02    299.009    107.847      1.375    32.0435    24.3928    1491.44 0.0000e+00
       1718 137.465866      1.352    11.4921  36.477551     3.1547 1.0419e+02    299.061    107.888      1.340    32.0195    24.3680    1491.53 0.0000e+00
       1719 137.465866      1.313    11.5179  36.481426     3.2575 1.0660e+02    299.004    107.882      1.301    32.0009    24.3489    1491.59 0.0000e+00
       1720 137.465866      1.270    11.5368  36.485573     2.8841 1.0410e+02    299.168    107.952      1.259    31.9887    24.3360    1491.65 0.0000e+00
       1721 137.465866      1.226    11.5519  36.489487     2.8761 1.0690e+02    299.405    108.038      1.215    31.9795    24.3261    1491.69 0.0000e+00
       1722 137.465866      1.182    11.5648  36.492371     2.8559 1.1127e+02    299.536    108.108      1.171    31.9711    24.3173    1491.72 0.0000e+00
       1723 137.465881      1.138    11.5757  36.495361     2.7380 1.1491e+02    299.282    108.061      1.128    31.9646    24.3103    1491.75 0.0000e+00
       1724 137.465881      1.097    11.5859  36.499393     2.7976 1.1405e+02    299.449    108.161      1.087    31.9598    24.3047    1491.78 0.0000e+00
       1725 137.465881      1.057    11.5969  36.503643     3.0930 1.0937e+02    299.646    108.263      1.047    31.9544    24.2985    1491.81 0.0000e+00
       1726 137.465881      1.019    11.6087  36.507336     2.7355 1.0933e+02    299.506    108.243      1.009    31.9479    24.2913    1491.84 0.0000e+00
       1727 137.465881      0.982    11.6200  36.510563     2.7460 1.1164e+02    299.588    108.285      0.973    31.9413    24.2841    1491.87 0.0000e+00
       1728 137.465881      0.945    11.6301  36.513920     2.9508 1.2190e+02    299.394    108.210      0.937    31.9359    24.2781    1491.90 0.0000e+00
       1729 137.465897      0.910    11.6393  36.518349     2.9256 1.2169e+02    299.356    108.180      0.901    31.9323    24.2736    1491.93 0.0000e+00
       1730 137.465897      0.875    11.6488  36.523666     2.4925 1.2233e+02    299.316    108.145      0.867    31.9293    24.2696    1491.96 0.0000e+00
       1731 137.465897      0.840    11.6598  36.529015     2.4120 1.2309e+02    299.091    108.056      0.833    31.9251    24.2643    1491.99 0.0000e+00
       1732 137.465897      0.806    11.6726  36.534473     2.4586 1.2472e+02    298.579    107.880      0.799    31.9193    24.2575    1492.03 0.0000e+00
       1733 137.465897      0.772    11.6870  36.539768     2.5123 1.2582e+02    298.010    107.691      0.765    31.9122    24.2494    1492.07 0.0000e+00
       1734 137.465912      0.738    11.7018  36.544121     2.6910 1.2704e+02    297.284    107.438      0.731    31.9036    24.2400    1492.11 0.0000e+00
       1735 137.465912      0.703    11.7159  36.547295     2.5391 1.3320e+02    296.257    107.074      0.696    31.8946    24.2305    1492.15 0.0000e+00
       1736 137.465912      0.666    11.7284  36.549717     2.4103 1.3166e+02    295.043    106.623      0.660    31.8863    24.2217    1492.18 0.0000e+00
       1737 137.465912      0.628    11.7392  36.552059     2.3427 1.3071e+02    293.301    105.968      0.622    31.8792    24.2143    1492.21 0.0000e+00
       1738 137.465912      0.588    11.7490  36.554680     2.6210 1.3466e+02    291.573    105.315      0.583    31.8734    24.2080    1492.23 0.0000e+00
       1739 137.465927      0.548    11.7587  36.558331     2.3041 1.3825e+02    289.343    104.488      0.543    31.8686    24.2025    1492.26 0.0000e+00
       1740 137.465927      0.508    11.7701  36.563061     2.3205 1.4297e+02    287.093    103.657      0.503    31.8634    24.1964    1492.29 0.0000e+00
       1741 137.465927      0.468    11.7837  36.567711     2.2093 1.4587e+02    285.095    102.921      0.463    31.8563    24.1883    1492.33 0.0000e+00
       1742 137.465927      0.429    11.7978  36.571823     2.3344 3.5104e+02    283.715    102.414      0.425    31.8482    24.1795    1492.37 0.0000e+00
       1743 137.465927      0.393    11.8106  36.575043     2.4103 3.6784e+02    283.481    102.321      0.389    31.8404    24.1711    1492.40 0.0000e+00
       1744 137.465927      0.360    11.8210  36.576401     2.5026 3.7449e+02    283.973    102.485      0.356    31.8328    24.1633    1492.43 0.0000e+00
       1745 137.465942      0.329    11.8279  36.575573     2.1304 3.8666e+02    285.181    102.902      0.326    31.8261    24.1568    1492.45 0.0000e+00
