Day_2_Loch_Creran/2024-05-16/sbe19p_5262_20240516_c5.cnv
* Sea-Bird SBE 19plus Data File:
* FileName = C:\Data\sbe55_sbe19p_5262\2024-05-16\sbe19p_5262_20240516_c5044.hex
* Software Version SeatermAF 2.1.4
* Temperature SN = 5262
* Conductivity SN = 5262
* System UpLoad Time = May 16 2024 12:37:04 (localtime) = May 16 2024 12:37:04 (UTC)
* ds
* SeacatPlus V 1.6b  SERIAL NO. 5262    16 May 2024  12:38:10
# nquan = 14                                
# nvalues = 1008                        
# units = specified
# name 0 = scan: Scan Count
# name 1 = timeJ: Julian Days
# name 2 = prdM: Pressure, Strain Gauge [db]
# name 3 = tv290C: Temperature [ITS-90, deg C]
# name 4 = c0mS/cm: Conductivity [mS/cm]
# name 5 = wetStar: Fluorescence, WET Labs WETstar [mg/m^3]
# name 6 = par: PAR/Irradiance, Biospherical/Licor [umol photons/m^2/sec]
# name 7 = sbeox0Mm/L: Oxygen, SBE 43 [umol/l]
# name 8 = sbeox0PS: Oxygen, SBE 43 [% saturation]
# name 9 = depSM: Depth [salt water, m], lat = 56
# name 10 = sal00: Salinity, Practical [PSU]
# name 11 = sigma-é00: Density [sigma-theta, kg/m^3]
# name 12 = svCM: Sound Velocity [Chen-Millero, m/s]
# name 13 = flag: flag
# span 0 =        301,       1308       
# span 1 = 137.522507, 137.525421       
# span 2 =     -0.209,     20.857       
# span 3 =    10.0669,    12.0702       
# span 4 =   1.930070,  36.680779       
# span 5 =     0.1464,    20.8041       
# span 6 = 2.1517e-01, 8.3108e+02       
# span 7 =    229.248,    346.258       
# span 8 =     68.530,    111.571       
# span 9 =     -0.207,     20.666       
# span 10 =     1.3624,    32.6400      
# span 11 =     0.6507,    25.0970      
# span 12 =    1453.72,    1493.16      
# span 13 = 0.0000e+00, 0.0000e+00      
# interval = seconds: 0.25
# start_time = May 16 2024 12:31:10 [Instrument's time stamp, header]
# bad_flag = -9.990e-29
*END*
[from data line 104]
        405 137.522812      0.636    12.0506  36.678276     1.3113 2.9780e+02    303.156    110.044      0.630    31.7352    24.0453    1493.11 -9.990e-29
        406 137.522812      0.637    12.0519  36.678196     1.1816 2.9452e+02    303.305    110.094      0.631    31.7340    24.0441    1493.11 -9.990e-29
        407 137.522812      0.637    12.0523  36.678101     1.2345 2.9354e+02    303.703    110.226      0.632    31.7335    24.0436    1493.11 -9.990e-29
        408 137.522827      0.638    12.0523  36.678108     1.1384 2.9649e+02    303.459    110.133      0.632    31.7336    24.0437    1493.11 -9.990e-29
        409 137.522827      0.638    12.0523  36.678253     1.0856 2.9431e+02    303.837    110.269      0.632    31.7337    24.0438    1493.11 -9.990e-29
        410 137.522827      0.637    12.0526  36.678448     1.1229 2.8380e+02    303.800    110.253      0.632    31.7336    24.0437    1493.12 -9.990e-29
        411 137.522827      0.637    12.0535  36.678654     1.1225 2.9102e+02    303.799    110.248      0.631    31.7331    24.0431    1493.12 -9.990e-29
        412 137.522827      0.636    12.0547  36.678867     1.0860 3.0027e+02    303.577    110.162      0.630    31.7322    24.0422    1493.12 -9.990e-29
        413 137.522842      0.635    12.0563  36.679085     1.2165 2.9885e+02    303.360    110.084      0.629    31.7311    24.0411    1493.12 -9.990e-29
        414 137.522842      0.635    12.0580  36.679356     1.4846 3.0112e+02    302.821    109.892      0.629    31.7299    24.0398    1493.13 -9.990e-29
        415 137.522842      0.636    12.0601  36.679707     1.1749 2.9369e+02    302.508    109.783      0.630    31.7285    24.0383    1493.13 -9.990e-29
        416 137.522842      0.637    12.0624  36.680058     1.1372 2.8450e+02    302.345    109.724      0.631    31.7268    24.0366    1493.14 -9.990e-29
        417 137.522842      0.637    12.0648  36.680332     1.1640 2.9483e+02    302.028    109.594      0.632    31.7251    24.0348    1493.15 -9.990e-29
        418 137.522858      0.638    12.0668  36.680534     1.2232 2.9225e+02    301.978    109.552      0.632    31.7235    24.0332    1493.15 -9.990e-29
        419 137.522858      0.637    12.0684  36.680687     1.2148 2.9817e+02    301.967    109.523      0.632    31.7224    24.0320    1493.16 -9.990e-29
        420 137.522858      0.637    12.0695  36.680779     1.3298 3.0645e+02    301.921    109.472      0.631    31.7215    24.0311    1493.16 -9.990e-29
        421 137.522858      0.636    12.0702  36.680729     1.2484 3.1227e+02    301.895    109.427      0.630    31.7209    24.0306    1493.16 -9.990e-29
        422 137.522858      0.636    12.0702  36.680504     1.2450 3.0910e+02    301.922    109.406      0.630    31.7207    24.0304    1493.16 -9.990e-29
        423 137.522858      0.636    12.0693  36.680084     1.1623 3.0802e+02    302.038    109.426      0.630    31.7210    24.0308    1493.16 -9.990e-29
        424 137.522873      0.636    12.0676  36.679543     1.1867 3.1068e+02    302.144    109.456      0.631    31.7219    24.0318    1493.15 -9.990e-29
        425 137.522873      0.637    12.0653  36.679081     1.1296 3.0921e+02    302.247    109.477      0.631    31.7234    24.0334    1493.15 -9.990e-29
        426 137.522873      0.638    12.0630  36.678783     1.0478 3.0791e+02    302.541    109.566      0.632    31.7251    24.0352    1493.14 -9.990e-29
        427 137.522873      0.638    12.0610  36.678467     1.2471 3.1552e+02    302.826    109.655      0.632    31.7265    24.0366    1493.14 -9.990e-29
        428 137.522873      0.638    12.0592  36.678001     1.1510 3.1348e+02    303.078    109.732      0.632    31.7276    24.0378    1493.13 -9.990e-29
        429 137.522888      0.637    12.0574  36.677479     1.4536 3.0678e+02    303.541    109.882      0.631    31.7286    24.0389    1493.13 -9.990e-29
        430 137.522888      0.636    12.0559  36.676960     1.3012 3.0409e+02    303.696    109.923      0.630    31.7294    24.0398    1493.12 -9.990e-29
        431 137.522888      0.635    12.0546  36.676403     1.5354 2.9958e+02    304.017    110.032      0.629    31.7300    24.0405    1493.12 -9.990e-29
        432 137.522888      0.634    12.0533  36.675701     1.3235 3.0260e+02    304.006    110.036      0.629    31.7304    24.0410    1493.11 -9.990e-29
        433 137.522888      0.634    12.0512  36.674694     1.3205 3.0602e+02    303.973    110.027      0.629    31.7312    24.0421    1493.11 -9.990e-29
        434 137.522903      0.635    12.0471  36.673237     1.3705 2.9437e+02    304.138    110.094      0.629    31.7333    24.0444    1493.10 -9.990e-29
        435 137.522903      0.635    12.0402  36.671288     1.2379 2.9153e+02    303.987    110.076      0.630    31.7373    24.0488    1493.08 -9.990e-29
        436 137.522903      0.636    12.0304  36.668976     1.4754 2.9974e+02    303.998    110.133      0.630    31.7434    24.0554    1493.05 -9.990e-29
        437 137.522903      0.637    12.0183  36.666538     1.2106 2.9980e+02    304.077    110.198      0.631    31.7513    24.0638    1493.02 -9.990e-29
        438 137.522903      0.637    12.0045  36.664211     1.2807 2.8990e+02    304.280    110.292      0.632    31.7608    24.0737    1492.98 -9.990e-29
        439 137.522903      0.638    11.9902  36.662151     1.2551 2.9210e+02    304.698    110.454      0.632    31.7710    24.0842    1492.94 -9.990e-29
        440 137.522919      0.638    11.9766  36.660404     1.2119 2.9021e+02    305.160    110.637      0.632    31.7809    24.0944    1492.91 -9.990e-29
        441 137.522919      0.638    11.9648  36.658852     1.2853 2.9639e+02    305.426    110.758      0.632    31.7896    24.1033    1492.88 -9.990e-29
        442 137.522919      0.638    11.9546  36.657326     1.0994 2.9380e+02    305.714    110.893      0.632    31.7968    24.1108    1492.85 -9.990e-29
        443 137.522919      0.638    11.9453  36.655788     1.2093 2.9566e+02    305.949    111.002      0.632    31.8032    24.1174    1492.83 -9.990e-29
        444 137.522919      0.638    11.9367  36.654346     1.1695 2.9551e+02    305.931    111.010      0.632    31.8091    24.1237    1492.81 -9.990e-29
        445 137.522934      0.638    11.9288  36.653076     1.0977 2.9442e+02    305.843    110.990      0.633    31.8147    24.1294    1492.79 -9.990e-29
        446 137.522934      0.639    11.9216  36.652000     1.0738 2.8985e+02    305.589    110.891      0.633    31.8198    24.1347    1492.77 -9.990e-29
        447 137.522934      0.639    11.9155  36.651226     1.0939 2.8530e+02    305.502    110.787      0.633    31.8243    24.1393    1492.75 -9.990e-29
        448 137.522934      0.639    11.9111  36.650940     1.1615 2.9333e+02    305.412    110.609      0.633    31.8277    24.1428    1492.74 -9.990e-29
        449 137.522934      0.639    11.9095  36.651276     1.0654 2.7940e+02    305.016    110.334      0.633    31.8294    24.1444    1492.74 -9.990e-29
        450 137.522949      0.639    11.9110  36.652203     1.2425 2.9530e+02    304.268    109.945      0.633    31.8291    24.1439    1492.74 -9.990e-29
        451 137.522949      0.639    11.9156  36.653679     1.0956 2.9519e+02    303.557    109.566      0.634    31.8265    24.1411    1492.75 -9.990e-29
        452 137.522949      0.640    11.9239  36.655605     1.1846 2.9452e+02    302.667    109.166      0.634    31.8213    24.1355    1492.78 -9.990e-29
        453 137.522949      0.641    11.9364  36.657650     1.3218 2.9344e+02    302.215    108.965      0.635    31.8126    24.1264    1492.81 -9.990e-29
        454 137.522949      0.642    11.9513  36.659546     1.1388 2.9519e+02    302.102    108.860      0.636    31.8017    24.1152    1492.85 -9.990e-29
        455 137.522964      0.644    11.9660  36.661293     1.1233 2.9608e+02    302.692    108.983      0.638    31.7908    24.1041    1492.89 -9.990e-29
        456 137.522964      0.645    11.9788  36.662918     1.2119 3.0202e+02    303.543    109.181      0.639    31.7815    24.0944    1492.92 -9.990e-29
        457 137.522964      0.647    11.9899  36.664413     1.1095 3.0228e+02    304.834    109.523      0.641    31.7735    24.0862    1492.95 -9.990e-29
        458 137.522964      0.649    12.0001  36.665699     1.1577 3.0415e+02    306.246    109.902      0.644    31.7660    24.0785    1492.97 -9.990e-29
        459 137.522964      0.652    12.0100  36.666515     1.0402 2.9066e+02    307.210    110.125      0.647    31.7584    24.0707    1493.00 -9.990e-29
        460 137.522964      0.657    12.0186  36.666599     1.0784 2.9318e+02    308.175    110.355      0.651    31.7512    24.0636    1493.02 -9.990e-29
        461 137.522980      0.662    12.0240  36.665668     1.3449 2.9251e+02    308.842    110.482      0.656    31.7457    24.0583    1493.03 -9.990e-29
        462 137.522980      0.670    12.0241  36.663246     1.1837 2.9292e+02    309.679    110.656      0.664    31.7432    24.0564    1493.03 -9.990e-29
        463 137.522980      0.681    12.0167  36.658665     1.1002 2.9958e+02    310.352    110.782      0.675    31.7451    24.0592    1493.01 -9.990e-29
        464 137.522980      0.694    11.9982  36.651466     1.1254 2.9525e+02    310.745    110.856      0.688    31.7539    24.0695    1492.95 -9.990e-29
        465 137.522980      0.712    11.9655  36.642216     1.0671 2.9338e+02    310.863    110.862      0.705    31.7729    24.0902    1492.86 -9.990e-29
        466 137.522995      0.733    11.9200  36.632050     1.0704 2.9087e+02    310.653    110.752      0.726    31.8018    24.1211    1492.74 -9.990e-29
        467 137.522995      0.757    11.8678  36.621162     1.0490 2.8315e+02    310.274    110.579      0.750    31.8359    24.1571    1492.60 -9.990e-29
        468 137.522995      0.785    11.8144  36.609550     1.1762 2.8206e+02    309.580    110.281      0.778    31.8704    24.1937    1492.46 0.0000e+00
        469 137.522995      0.815    11.7630  36.597801     1.0390 2.8161e+02    309.017    110.029      0.808    31.9031    24.2284    1492.32 0.0000e+00
        470 137.522995      0.849    11.7164  36.585159     1.0612 2.7434e+02    308.346    109.744      0.841    31.9309    24.2585    1492.19 0.0000e+00
        471 137.523010      0.885    11.6742  36.569317     1.1594 2.6979e+02    307.710    109.483      0.877    31.9518    24.2825    1492.07 0.0000e+00
        472 137.523010      0.923    11.6324  36.549271     1.3466 2.8762e+02    307.594    109.421      0.915    31.9683    24.3029    1491.95 0.0000e+00
        473 137.523010      0.964    11.5878  36.525291     1.1598 2.7900e+02    307.380    109.332      0.955    31.9834    24.3227    1491.81 0.0000e+00
        474 137.523010      1.007    11.5399  36.496868     1.1330 2.7285e+02    307.187    109.257      0.998    31.9971    24.3420    1491.66 0.0000e+00
        475 137.523010      1.051    11.4897  36.463943     1.0071 2.5161e+02    307.372    109.317      1.041    32.0084    24.3598    1491.50 0.0000e+00
        476 137.523026      1.096    11.4384  36.428223     1.0469 2.5545e+02    307.540    109.370      1.086    32.0178    24.3764    1491.33 0.0000e+00
        477 137.523026      1.143    11.3875  36.391479     1.1481 2.5188e+02    307.531    109.359      1.132    32.0260    24.3919    1491.17 0.0000e+00
        478 137.523026      1.190    11.3379  36.354637     0.9765 2.5051e+02    307.578    109.370      1.179    32.0330    24.4061    1491.00 0.0000e+00
        479 137.523026      1.240    11.2901  36.319080     1.1036 2.4110e+02    307.549    109.375      1.229    32.0396    24.4199    1490.84 0.0000e+00
        480 137.523026      1.291    11.2439  36.288445     1.2236 2.3453e+02    307.551    109.404      1.280    32.0497    24.4359    1490.69 0.0000e+00
        481 137.523026      1.345    11.2005  36.267033     1.2803 2.3383e+02    307.680    109.486      1.333    32.0664    24.4566    1490.56 0.0000e+00
        482 137.523041      1.400    11.1622  36.254467     1.2228 2.3089e+02    308.117    109.653      1.387    32.0874    24.4797    1490.46 0.0000e+00
        483 137.523041      1.457    11.1306  36.245331     1.1707 2.2851e+02    308.570    109.793      1.444    32.1060    24.4997    1490.37 0.0000e+00
        484 137.523041      1.515    11.1045  36.235077     1.2018 2.2783e+02    308.884    109.863      1.501    32.1186    24.5142    1490.29 0.0000e+00
        485 137.523041      1.575    11.0818  36.222828     1.2748 2.1484e+02    309.279    109.985      1.560    32.1263    24.5242    1490.22 0.0000e+00
        486 137.523041      1.635    11.0607  36.209911     1.2933 2.1386e+02    309.542    110.089      1.620    32.1320    24.5323    1490.16 0.0000e+00
        487 137.523056      1.696    11.0407  36.198536     1.3663 2.1099e+02    309.892    110.254      1.681    32.1383    24.5407    1490.09 0.0000e+00
        488 137.523056      1.758    11.0223  36.190025     1.3411 2.0885e+02    309.845    110.298      1.742    32.1460    24.5500    1490.04 0.0000e+00
        489 137.523056      1.821    11.0064  36.184364     1.4863 2.0424e+02    310.156    110.468      1.805    32.1543    24.5592    1489.99 0.0000e+00
        490 137.523056      1.885    10.9937  36.181152     1.4510 1.9722e+02    310.385    110.588      1.868    32.1622    24.5676    1489.96 0.0000e+00
        491 137.523056      1.949    10.9839  36.179928     1.3461 1.9632e+02    311.162    110.888      1.932    32.1695    24.5750    1489.94 0.0000e+00
        492 137.523071      2.014    10.9766  36.180305     1.6982 1.8977e+02    311.702    111.084      1.996    32.1763    24.5816    1489.92 0.0000e+00
        493 137.523071      2.079    10.9709  36.182098     1.6537 1.8552e+02    311.891    111.140      2.060    32.1830    24.5878    1489.91 0.0000e+00
        494 137.523071      2.145    10.9664  36.185535     1.8295 1.8647e+02    311.648    111.024      2.125    32.1904    24.5943    1489.90 0.0000e+00
        495 137.523071      2.210    10.9630  36.191135     1.5631 1.7764e+02    311.196    110.817      2.190    32.1989    24.6015    1489.90 0.0000e+00
        496 137.523071      2.275    10.9610  36.199535     1.9945 1.7305e+02    310.137    110.390      2.254    32.2089    24.6096    1489.91 0.0000e+00
        497 137.523071      2.340    10.9611  36.210613     2.2101 1.6958e+02    308.648    109.818      2.319    32.2197    24.6181    1489.92 0.0000e+00
        498 137.523087      2.405    10.9631  36.222183     2.0452 1.6677e+02    307.042    109.210      2.383    32.2294    24.6252    1489.94 0.0000e+00
        499 137.523087      2.470    10.9660  36.230793     2.4023 1.6390e+02    305.139    108.499      2.448    32.2353    24.6294    1489.96 0.0000e+00
        500 137.523087      2.535    10.9676  36.234783     2.2076 1.5790e+02    303.369    107.836      2.512    32.2378    24.6311    1489.97 0.0000e+00
        501 137.523087      2.601    10.9661  36.236877     2.2492 1.5374e+02    301.805    107.240      2.577    32.2412    24.6339    1489.97 0.0000e+00
        502 137.523087      2.666    10.9621  36.242558     2.2802 1.5098e+02    300.160    106.614      2.642    32.2503    24.6417    1489.97 0.0000e+00
        503 137.523102      2.732    10.9583  36.255550     2.2118 1.4825e+02    298.543    106.000      2.707    32.2665    24.6550    1489.97 0.0000e+00
        504 137.523102      2.798    10.9576  36.275661     2.3620 1.4424e+02    297.116    105.470      2.773    32.2869    24.6710    1490.00 0.0000e+00
        505 137.523102      2.865    10.9616  36.300076     2.5534 1.4200e+02    295.922    105.036      2.838    32.3076    24.6864    1490.04 0.0000e+00
        506 137.523102      2.931    10.9695  36.324661     2.3062 1.4240e+02    294.768    104.623      2.904    32.3249    24.6984    1490.09 0.0000e+00
