Day_2_Loch_Creran/2024-05-16/sbe19p_5262_20240516_ly4_1m.cnv
* Sea-Bird SBE 19plus Data File:
* FileName = C:\Data\sbe55_sbe19p_5262\2024-05-16\sbe19p_5262_20240516_LY4038.hex
* Software Version SeatermAF 2.1.4
* Temperature SN = 5262
* Conductivity SN = 5262
* System UpLoad Time = May 16 2024 10:16:12 (localtime) = May 16 2024 10:16:12 (UTC)
* ds
* SeacatPlus V 1.6b  SERIAL NO. 5262    16 May 2024  10:17:17
# nquan = 14
# nvalues = 61                          
# units = specified
# name 0 = scan: Scan Count
# name 1 = timeJ: Julian Days
# name 2 = prdM: Pressure, Strain Gauge [db]
# name 3 = tv290C: Temperature [ITS-90, deg C]
# name 4 = c0mS/cm: Conductivity [mS/cm]
# name 5 = wetStar: Fluorescence, WET Labs WETstar [mg/m^3]
# name 6 = par: PAR/Irradiance, Biospherical/Licor [umol photons/m^2/sec]
# name 7 = sbeox0Mm/L: Oxygen, SBE 43 [umol/l]
# name 8 = sbeox0PS: Oxygen, SBE 43 [% saturation]
# name 9 = depSM: Depth [salt water, m], lat = 56
# name 10 = sal00: Salinity, Practical [PSU]
# name 11 = sigma-é00: Density [sigma-theta, kg/m^3]
# name 12 = svCM: Sound Velocity [Chen-Millero, m/s]
# name 13 = flag: flag
# span 0 =        512,       1798       
# span 1 = 137.420969, 137.424691       
# span 2 =      1.000,     31.000       
# span 3 =     9.3782,    12.1583       
# span 4 =  35.815066,  36.750258       
# span 5 =     0.6504,     3.4793       
# span 6 = 1.9382e-01, 1.3598e+02       
# span 7 =    242.802,    280.435       
# span 8 =     83.997,    100.360       
# span 9 =      0.991,     30.716       
# span 10 =    31.7081,    33.2544      
# span 11 =    24.0058,    25.6905      
# span 12 =    1485.69,    1493.47      
# span 13 = 0.0000e+00, 0.0000e+00      
# interval = decibars: 1                
# start_time = May 16 2024 10:04:04 [Instrument's time stamp, header]
# bad_flag = -9.990e-29
*END*
        512 137.420969      1.000    12.1583  36.750258     3.1534 1.1305e+02    271.417     96.128      0.991    31.7081    24.0058    1493.47 0.0000e+00
        532 137.421027      2.000    10.6744  36.285273     3.2923 8.1679e+01    270.746     95.205      1.982    32.5481    24.9235    1489.30 0.0000e+00
        550 137.421079      3.000    10.2587  36.142031     3.4233 6.1451e+01    262.839     91.615      2.973    32.7767    25.1729    1488.11 0.0000e+00
        568 137.421131      4.000     9.8145  35.936101     3.2936 4.8175e+01    250.275     86.773      3.964    32.9718    25.3992    1486.75 0.0000e+00
        585 137.421180      5.000     9.5141  35.828907     2.2646 3.8693e+01    249.385     86.383      4.954    33.1377    25.5781    1485.88 0.0000e+00
        603 137.421231      6.000     9.4602  35.818120     2.0042 3.1404e+01    248.402     86.007      5.945    33.1760    25.6168    1485.75 0.0000e+00
        620 137.421283      7.000     9.4378  35.815066     1.7601 2.5484e+01    247.352     85.634      6.936    33.1932    25.6339    1485.70 0.0000e+00
        638 137.421333      8.000     9.4315  35.817560     1.8295 2.1207e+01    247.662     85.738      7.927    33.2011    25.6411    1485.71 0.0000e+00
        655 137.421384      9.000     9.4298  35.819026     1.3713 1.7219e+01    247.143     85.552      8.918    33.2038    25.6435    1485.72 0.0000e+00
        673 137.421435     10.000     9.4262  35.818824     1.6072 1.4481e+01    246.803     85.428      9.909    33.2064    25.6461    1485.73 0.0000e+00
        690 137.421486     11.000     9.4221  35.818257     1.3555 1.2198e+01    246.787     85.415     10.900    33.2092    25.6490    1485.73 0.0000e+00
        708 137.421535     12.000     9.4172  35.817803     1.4320 6.6972e+00    246.492     85.291     11.890    33.2129    25.6527    1485.74 0.0000e+00
        725 137.421587     13.000     9.4014  35.817693     1.1686 5.7825e+00    244.542     84.600     12.881    33.2270    25.6663    1485.71 0.0000e+00
        743 137.421638     14.000     9.3895  35.818591     0.9342 4.6236e+00    244.697     84.652     13.872    33.2385    25.6772    1485.70 0.0000e+00
        760 137.421687     15.000     9.3880  35.819124     0.8537 4.9839e+00    244.680     84.644     14.863    33.2400    25.6786    1485.71 0.0000e+00
        778 137.421738     16.000     9.3869  35.819108     0.8827 4.4912e+00    244.443     84.563     15.854    33.2405    25.6792    1485.72 0.0000e+00
        795 137.421790     17.000     9.3874  35.820321     0.8238 3.6747e+00    244.243     84.493     16.845    33.2409    25.6794    1485.74 0.0000e+00
        813 137.421839     18.000     9.3869  35.821065     0.8084 2.9904e+00    244.127     84.450     17.835    33.2416    25.6801    1485.76 0.0000e+00
        831 137.421892     19.000     9.3849  35.821423     0.7544 2.0122e+00    244.098     84.440     18.826    33.2435    25.6819    1485.77 0.0000e+00
        848 137.421942     20.000     9.3846  35.822242     0.7090 1.6544e+00    243.395     84.192     19.817    33.2441    25.6825    1485.79 0.0000e+00
        866 137.421993     21.000     9.3811  35.821821     0.7819 1.5342e+00    242.990     84.048     20.808    33.2465    25.6849    1485.79 0.0000e+00
        883 137.422043     22.000     9.3782  35.821911     0.7205 1.1432e+00    243.578     84.251     21.799    33.2488    25.6872    1485.80 0.0000e+00
        901 137.422095     23.000     9.3783  35.821852     0.7841 9.1975e-01    243.334     84.166     22.789    33.2482    25.6868    1485.82 0.0000e+00
        919 137.422145     24.000     9.3783  35.821927     0.7784 9.0410e-01    243.649     84.275     23.780    33.2478    25.6865    1485.83 0.0000e+00
        936 137.422197     25.000     9.3783  35.822683     0.7861 6.8860e-01    243.437     84.203     24.771    33.2481    25.6867    1485.85 0.0000e+00
        954 137.422249     26.000     9.3784  35.823894     0.7148 5.9749e-01    243.215     84.127     25.762    33.2488    25.6873    1485.87 0.0000e+00
        973 137.422302     27.000     9.3788  35.825151     0.7178 5.0297e-01    243.718     84.301     26.752    33.2493    25.6876    1485.89 0.0000e+00
        990 137.422353     28.000     9.3788  35.825913     0.6844 4.1980e-01    243.311     84.163     27.743    33.2497    25.6879    1485.90 0.0000e+00
       1008 137.422406     29.000     9.3796  35.828700     0.8271 2.5461e-01    243.395     84.195     28.734    33.2513    25.6891    1485.92 0.0000e+00
       1029 137.422466     30.000     9.3813  35.832763     0.6680 2.2295e-01    243.686     84.299     29.725    33.2535    25.6905    1485.95 0.0000e+00
       1083 137.422622     31.000     9.3913  35.843140     0.6504 1.9382e-01    243.556     84.271     30.716    33.2544    25.6897    1486.00 0.0000e+00
       1106 137.422689     30.000     9.3919  35.840926     0.7050 2.1022e-01    243.508     84.254     29.725    33.2520    25.6877    1485.99 0.0000e+00
       1135 137.422772     29.000     9.3928  35.841124     0.7096 2.5391e-01    243.490     84.249     28.734    33.2519    25.6874    1485.97 0.0000e+00
       1159 137.422842     28.000     9.3917  35.839283     0.7187 3.1504e-01    243.552     84.262     27.743    33.2515    25.6872    1485.95 0.0000e+00
       1183 137.422911     27.000     9.3888  35.835257     0.7241 4.1518e-01    243.545     84.258     26.753    33.2505    25.6869    1485.92 0.0000e+00
       1206 137.422978     26.000     9.3870  35.831926     0.6948 5.1291e-01    243.421     84.213     25.762    33.2491    25.6861    1485.90 0.0000e+00
       1230 137.423048     25.000     9.3877  35.831422     0.7426 6.1056e-01    243.335     84.185     24.771    33.2484    25.6855    1485.89 0.0000e+00
       1254 137.423117     24.000     9.3878  35.830735     0.7074 8.3477e-01    243.226     84.147     23.780    33.2481    25.6851    1485.87 0.0000e+00
       1278 137.423187     23.000     9.3881  35.831223     0.7055 1.0878e+00    243.112     84.107     22.789    33.2488    25.6857    1485.86 0.0000e+00
       1302 137.423255     22.000     9.3874  35.830755     0.7188 1.2864e+00    242.802     83.997     21.799    33.2494    25.6862    1485.83 0.0000e+00
       1325 137.423323     21.000     9.3870  35.828300     0.6756 1.3639e+00    243.748     84.329     20.808    33.2477    25.6849    1485.81 0.0000e+00
       1349 137.423390     20.000     9.3910  35.825735     0.7997 1.6326e+00    244.175     84.479     19.817    33.2418    25.6797    1485.81 0.0000e+00
       1372 137.423459     19.000     9.3931  35.825189     0.7759 2.5623e+00    244.220     84.496     18.826    33.2396    25.6776    1485.80 0.0000e+00
       1396 137.423527     18.000     9.3929  35.823790     0.8099 3.3761e+00    244.207     84.490     17.835    33.2389    25.6771    1485.78 0.0000e+00
       1420 137.423598     17.000     9.3934  35.823120     0.7700 4.0045e+00    244.564     84.614     16.845    33.2382    25.6764    1485.76 0.0000e+00
       1444 137.423665     16.000     9.3926  35.821859     0.8527 4.7679e+00    244.473     84.581     15.854    33.2380    25.6764    1485.74 0.0000e+00
       1467 137.423734     15.000     9.3928  35.821005     0.8666 5.6685e+00    244.591     84.622     14.863    33.2375    25.6759    1485.73 0.0000e+00
       1491 137.423803     14.000     9.3929  35.819208     0.8384 6.7395e+00    244.942     84.749     13.872    33.2360    25.6747    1485.71 0.0000e+00
       1515 137.423872     13.000     9.4006  35.817115     0.8960 8.0756e+00    245.984     85.131     12.881    33.2271    25.6665    1485.71 0.0000e+00
       1538 137.423937     12.000     9.4165  35.816276     1.0978 9.8823e+00    246.629     85.367     11.891    33.2119    25.6520    1485.73 0.0000e+00
       1560 137.424002     11.000     9.4242  35.817335     1.3594 1.1692e+01    247.198     85.570     10.900    33.2063    25.6464    1485.74 0.0000e+00
       1584 137.424070     10.000     9.4270  35.817417     1.4747 1.3988e+01    247.320     85.613      9.909    33.2043    25.6444    1485.73 0.0000e+00
       1607 137.424138      9.000     9.4276  35.816967     1.4964 1.6286e+01    247.048     85.521      8.918    33.2037    25.6438    1485.71 0.0000e+00
       1631 137.424207      8.000     9.4292  35.816532     1.3606 2.0220e+01    246.975     85.499      7.927    33.2023    25.6424    1485.70 0.0000e+00
       1654 137.424274      7.000     9.4318  35.815906     1.6516 2.4614e+01    247.438     85.666      6.936    33.1996    25.6399    1485.69 0.0000e+00
       1677 137.424341      6.000     9.4380  35.817732     1.5047 3.0348e+01    248.346     86.003      5.945    33.1962    25.6361    1485.69 0.0000e+00
       1700 137.424405      5.000     9.4544  35.823355     1.7319 3.9082e+01    249.094     86.313      4.954    33.1873    25.6265    1485.72 0.0000e+00
       1723 137.424473      4.000     9.5056  35.846725     2.0458 5.0578e+01    253.830     88.423      3.964    33.1643    25.6002    1485.87 0.0000e+00
       1750 137.424552      3.000     9.9802  36.073359     2.8729 7.0349e+01    269.877     95.117      2.973    32.9606    25.3629    1487.33 0.0000e+00
       1776 137.424625      2.000    10.5820  36.339412     3.4793 9.9808e+01    280.435    100.360      1.982    32.6847    25.0458    1489.13 0.0000e+00
       1798 137.424691      1.000    11.3208  36.573330     3.0256 1.3598e+02    274.333     98.962      0.991    32.2623    24.5875    1491.21 0.0000e+00
