Day_2_Loch_Creran/2024-05-16/sbe19p_5262_20240516_c3_1m.cnv
* Sea-Bird SBE 19plus Data File:
* FileName = C:\Data\sbe55_sbe19p_5262\2024-05-16\sbe19p_5262_20240516_c3042.hex
* Software Version SeatermAF 2.1.4
* Temperature SN = 5262
* Conductivity SN = 5262
* System UpLoad Time = May 16 2024 12:02:57 (localtime) = May 16 2024 12:02:57 (UTC)
* ds
* SeacatPlus V 1.6b  SERIAL NO. 5262    16 May 2024  12:03:59
# nquan = 14
# nvalues = 91                          
# units = specified
# name 0 = scan: Scan Count
# name 1 = timeJ: Julian Days
# name 2 = prdM: Pressure, Strain Gauge [db]
# name 3 = tv290C: Temperature [ITS-90, deg C]
# name 4 = c0mS/cm: Conductivity [mS/cm]
# name 5 = wetStar: Fluorescence, WET Labs WETstar [mg/m^3]
# name 6 = par: PAR/Irradiance, Biospherical/Licor [umol photons/m^2/sec]
# name 7 = sbeox0Mm/L: Oxygen, SBE 43 [umol/l]
# name 8 = sbeox0PS: Oxygen, SBE 43 [% saturation]
# name 9 = depSM: Depth [salt water, m], lat = 56
# name 10 = sal00: Salinity, Practical [PSU]
# name 11 = sigma-é00: Density [sigma-theta, kg/m^3]
# name 12 = svCM: Sound Velocity [Chen-Millero, m/s]
# name 13 = flag: flag
# span 0 =        556,       2399       
# span 1 = 137.494731, 137.500062       
# span 2 =      1.000,     46.000       
# span 3 =    10.1924,    12.1567       
# span 4 =  36.018527,  36.826833       
# span 5 =     2.2519,     7.2661       
# span 6 = -2.297e-08, 1.8574e+02       
# span 7 =    255.019,    294.366       
# span 8 =     89.497,    105.953       
# span 9 =      0.991,     45.576       
# span 10 =    31.7881,    32.7086      
# span 11 =    24.0664,    25.1314      
# span 12 =    1488.22,    1493.54      
# span 13 = 0.0000e+00, 0.0000e+00      
# interval = decibars: 1                
# start_time = May 16 2024 11:50:06 [Instrument's time stamp, header]
# bad_flag = -9.990e-29
*END*
        556 137.494731      1.000    12.1567  36.826833     2.2519 1.8574e+02    294.366    105.953      0.991    31.7881    24.0664    1493.54 0.0000e+00
        574 137.494784      2.000    11.5446  36.603431     2.6796 1.3566e+02    291.127    103.996      1.982    32.0965    24.4184    1491.81 0.0000e+00
        591 137.494832      3.000    11.1733  36.449954     3.3996 1.0792e+02    284.258    101.259      2.973    32.2696    24.6194    1490.74 0.0000e+00
        608 137.494881      4.000    10.9895  36.395163     4.6416 8.1955e+01    283.356    100.799      3.964    32.3765    24.7351    1490.24 0.0000e+00
        625 137.494931      5.000    10.9114  36.368421     4.3397 6.2050e+01    281.479     99.932      4.955    32.4187    24.7817    1490.03 0.0000e+00
        643 137.494983      6.000    10.8046  36.322427     4.3435 4.7308e+01    282.025     99.863      5.945    32.4672    24.8381    1489.73 0.0000e+00
        660 137.495032      7.000    10.6796  36.237790     5.3123 3.5553e+01    289.413    102.358      6.936    32.4935    24.8803    1489.33 0.0000e+00
        677 137.495082      8.000    10.6134  36.201569     5.4812 2.6830e+01    283.038     99.914      7.927    32.5160    24.9092    1489.14 0.0000e+00
        695 137.495132      9.000    10.5183  36.156599     6.2212 2.0284e+01    275.634     97.238      8.918    32.5555    24.9564    1488.87 0.0000e+00
        712 137.495181     10.000    10.4752  36.152225     7.2661 1.5182e+01    270.413     95.397      9.909    32.5892    24.9900    1488.77 0.0000e+00
        728 137.495229     11.000    10.4730  36.159851     5.6742 1.0685e+01    269.661     95.140     10.900    32.5984    24.9976    1488.79 0.0000e+00
        744 137.495277     12.000    10.4747  36.169183     5.0963 8.2846e+00    268.164     94.611     11.891    32.6057    25.0030    1488.82 0.0000e+00
        761 137.495325     13.000    10.4744  36.172712     3.9288 6.7708e+00    267.010     94.156     12.882    32.6091    25.0058    1488.84 0.0000e+00
        778 137.495373     14.000    10.4498  36.157741     4.0537 5.5154e+00    266.965     94.085     13.872    32.6157    25.0151    1488.77 0.0000e+00
        795 137.495423     15.000    10.4239  36.133244     3.9903 4.2776e+00    267.459     94.211     14.863    32.6139    25.0182    1488.70 0.0000e+00
        812 137.495473     16.000    10.3976  36.113956     4.8257 3.3554e+00    267.028     94.006     15.854    32.6178    25.0257    1488.62 0.0000e+00
        830 137.495524     17.000    10.3699  36.095706     4.6146 2.6081e+00    267.607     94.169     16.845    32.6238    25.0351    1488.55 0.0000e+00
        848 137.495576     18.000    10.3473  36.084450     5.2107 2.0096e+00    263.301     92.585     17.835    32.6323    25.0456    1488.49 0.0000e+00
        865 137.495626     19.000    10.3086  36.066320     4.2402 1.5960e+00    261.778     92.009     18.826    32.6485    25.0648    1488.39 0.0000e+00
        883 137.495677     20.000    10.2858  36.055269     3.9217 1.2233e+00    260.923     91.690     19.817    32.6575    25.0757    1488.34 0.0000e+00
        900 137.495727     21.000    10.2729  36.053217     3.6274 9.5968e-01    260.920     91.678     20.808    32.6665    25.0849    1488.32 0.0000e+00
        918 137.495778     22.000    10.2670  36.050100     3.1857 7.6336e-01    261.237     91.780     21.799    32.6683    25.0873    1488.32 0.0000e+00
        935 137.495828     23.000    10.2621  36.048746     3.4265 5.9295e-01    259.588     91.188     22.790    32.6709    25.0902    1488.32 0.0000e+00
        952 137.495876     24.000    10.2552  36.044921     3.2703 4.7378e-01    260.075     91.352     23.780    32.6728    25.0929    1488.31 0.0000e+00
        969 137.495927     25.000    10.2510  36.043105     3.4341 3.6969e-01    259.841     91.265     24.771    32.6743    25.0948    1488.32 0.0000e+00
        987 137.495977     26.000    10.2481  36.041625     3.2149 2.3216e-01    259.824     91.248     25.762    32.6751    25.0959    1488.32 0.0000e+00
       1003 137.496026     27.000    10.2433  36.038598     3.3061 1.3910e-01    257.985     90.571     26.753    32.6759    25.0973    1488.33 0.0000e+00
       1020 137.496074     28.000    10.2275  36.025412     3.7387 1.2797e-01    255.653     89.733     27.743    32.6763    25.1004    1488.28 0.0000e+00
       1037 137.496123     29.000    10.2159  36.018527     4.1920 1.1151e-01    257.444     90.374     28.734    32.6795    25.1048    1488.26 0.0000e+00
       1054 137.496173     30.000    10.2205  36.026194     4.3442 7.1070e-02    258.231     90.651     29.725    32.6826    25.1065    1488.30 0.0000e+00
       1072 137.496223     31.000    10.2213  36.027557     3.8064 2.3951e-02    257.540     90.409     30.716    32.6828    25.1066    1488.32 0.0000e+00
       1089 137.496273     32.000    10.2216  36.028914     3.6670 2.9852e-04    257.962     90.561     31.706    32.6835    25.1070    1488.34 0.0000e+00
       1106 137.496322     33.000    10.2227  36.031811     3.7316 -2.297e-08    257.636     90.442     32.697    32.6850    25.1080    1488.36 0.0000e+00
       1124 137.496374     34.000    10.2206  36.030920     3.1655 1.0000e-12    256.841     90.146     33.688    32.6855    25.1088    1488.37 0.0000e+00
       1141 137.496424     35.000    10.2116  36.025472     3.0275 1.0000e-12    256.775     90.116     34.679    32.6877    25.1120    1488.35 0.0000e+00
       1159 137.496476     36.000    10.2070  36.023787     3.0934 1.0000e-12    256.320     89.957     35.669    32.6897    25.1144    1488.36 0.0000e+00
       1176 137.496525     37.000    10.2061  36.027194     3.1810 1.0000e-12    255.593     89.695     36.660    32.6935    25.1175    1488.38 0.0000e+00
       1194 137.496576     38.000    10.2023  36.026577     2.7916 1.0000e-12    256.352     89.959     37.651    32.6959    25.1201    1488.38 0.0000e+00
       1211 137.496627     39.000    10.2001  36.028006     3.0248 1.0000e-12    255.749     89.746     38.641    32.6989    25.1228    1488.39 0.0000e+00
       1229 137.496677     40.000    10.1990  36.029167     2.7746 1.0000e-12    257.396     90.326     39.632    32.7006    25.1244    1488.41 0.0000e+00
       1246 137.496728     41.000    10.1994  36.031782     2.9604 1.0000e-12    257.841     90.479     40.623    32.7024    25.1257    1488.43 0.0000e+00
       1264 137.496781     42.000    10.1972  36.031443     2.8377 1.0000e-12    257.060     90.198     41.614    32.7037    25.1271    1488.44 0.0000e+00
       1282 137.496833     43.000    10.1930  36.030373     2.7053 1.0000e-12    256.402     89.963     42.604    32.7059    25.1295    1488.44 0.0000e+00
       1300 137.496884     44.000    10.1927  36.027182     2.7829 1.0000e-12    256.428     89.975     43.595    32.7025    25.1270    1488.45 0.0000e+00
       1319 137.496939     45.000    10.1924  36.028766     2.9620 1.0000e-12    255.913     89.796     44.586    32.7040    25.1281    1488.47 0.0000e+00
       1474 137.497385     46.000    10.1945  36.035617     2.5351 1.0000e-12    255.019     89.497     45.576    32.7086    25.1314    1488.50 0.0000e+00
       1524 137.497531     45.000    10.2000  36.038477     2.4653 1.0000e-12    255.878     89.797     44.586    32.7070    25.1292    1488.50 0.0000e+00
       1537 137.497571     44.000    10.2005  36.037523     2.5173 1.0000e-12    256.873     90.145     43.595    32.7059    25.1283    1488.48 0.0000e+00
       1551 137.497609     43.000    10.2002  36.036797     2.5910 1.0000e-12    256.667     90.072     42.604    32.7059    25.1283    1488.47 0.0000e+00
       1564 137.497647     42.000    10.1990  36.035223     2.7311 1.0000e-12    257.034     90.201     41.614    32.7059    25.1285    1488.45 0.0000e+00
       1577 137.497684     41.000    10.1998  36.034693     2.8051 1.0000e-12    256.969     90.177     40.623    32.7051    25.1277    1488.43 0.0000e+00
       1590 137.497725     40.000    10.1992  36.032992     2.6367 1.0000e-12    256.893     90.151     39.632    32.7044    25.1272    1488.41 0.0000e+00
       1604 137.497763     39.000    10.1997  36.032011     2.6432 1.0000e-12    257.540     90.379     38.641    32.7033    25.1263    1488.40 0.0000e+00
       1618 137.497805     38.000    10.2007  36.031025     2.9835 1.0000e-12    256.893     90.150     37.651    32.7018    25.1249    1488.38 0.0000e+00
       1634 137.497849     37.000    10.2002  36.029213     2.7057 1.0000e-12    256.517     90.020     36.660    32.7009    25.1243    1488.36 0.0000e+00
       1649 137.497895     36.000    10.2011  36.028377     2.7794 1.0000e-12    256.427     89.992     35.669    32.6997    25.1232    1488.35 0.0000e+00
       1665 137.497939     35.000    10.2037  36.027784     2.8416 1.0000e-12    256.001     89.849     34.679    32.6972    25.1208    1488.34 0.0000e+00
       1680 137.497984     34.000    10.2080  36.027563     2.9976 1.0000e-12    256.736     90.114     33.688    32.6935    25.1172    1488.33 0.0000e+00
       1695 137.498026     33.000    10.2120  36.028394     3.0458 1.0000e-12    256.776     90.135     32.697    32.6912    25.1147    1488.33 0.0000e+00
       1710 137.498070     32.000    10.2166  36.029862     2.9834 1.0000e-12    257.433     90.369     31.706    32.6890    25.1122    1488.32 0.0000e+00
       1725 137.498114     31.000    10.2188  36.030125     3.0191 3.2838e-04    257.519     90.403     30.716    32.6877    25.1107    1488.32 0.0000e+00
       1741 137.498160     30.000    10.2213  36.029903     3.2805 1.4550e-03    257.347     90.344     29.725    32.6856    25.1087    1488.30 0.0000e+00
       1757 137.498205     29.000    10.2229  36.029330     3.4427 3.4117e-03    257.550     90.416     28.734    32.6841    25.1072    1488.29 0.0000e+00
       1772 137.498249     28.000    10.2235  36.028728     3.4922 6.5163e-03    257.337     90.338     27.743    32.6833    25.1065    1488.28 0.0000e+00
       1787 137.498291     27.000    10.2223  36.024956     3.4968 1.0623e-02    256.814     90.155     26.753    32.6810    25.1048    1488.25 0.0000e+00
       1801 137.498336     26.000    10.2228  36.024221     3.7899 8.7191e-02    257.298     90.325     25.762    32.6803    25.1042    1488.24 0.0000e+00
       1816 137.498377     25.000    10.2229  36.023582     4.0593 2.4942e-01    257.349     90.353     24.771    32.6800    25.1040    1488.22 0.0000e+00
       1831 137.498420     24.000    10.2265  36.026111     3.9049 3.3517e-01    258.822     90.891     23.780    32.6797    25.1031    1488.22 0.0000e+00
       1845 137.498461     23.000    10.2374  36.033672     4.1298 4.2140e-01    259.135     91.014     22.789    32.6779    25.0998    1488.24 0.0000e+00
       1860 137.498505     22.000    10.2447  36.038564     3.7750 5.2886e-01    259.462     91.140     21.799    32.6767    25.0977    1488.25 0.0000e+00
       1875 137.498548     21.000    10.2517  36.042595     3.3473 6.7822e-01    260.517     91.519     20.808    32.6749    25.0950    1488.25 0.0000e+00
       1890 137.498592     20.000    10.2569  36.044515     3.4138 8.7982e-01    260.438     91.502     19.817    32.6726    25.0924    1488.25 0.0000e+00
       1905 137.498635     19.000    10.2621  36.047120     3.2248 1.1119e+00    260.748     91.638     18.826    32.6710    25.0902    1488.25 0.0000e+00
       1920 137.498679     18.000    10.2751  36.053046     3.4696 1.3694e+00    262.576     92.323     17.835    32.6657    25.0839    1488.28 0.0000e+00
       1935 137.498722     17.000    10.2990  36.063968     3.6387 1.7446e+00    264.200     92.935     16.845    32.6557    25.0720    1488.33 0.0000e+00
       1950 137.498763     16.000    10.3205  36.073666     4.3068 2.4148e+00    265.207     93.335     15.854    32.6464    25.0611    1488.38 0.0000e+00
       1964 137.498805     15.000    10.3462  36.086729     4.3033 2.9929e+00    265.690     93.524     14.863    32.6370    25.0494    1488.45 0.0000e+00
       1978 137.498847     14.000    10.3586  36.093015     4.1609 3.6631e+00    265.902     93.670     13.872    32.6326    25.0438    1488.47 0.0000e+00
       1993 137.498889     13.000    10.3890  36.115864     4.3732 4.6768e+00    267.241     94.202     12.881    32.6287    25.0355    1488.56 0.0000e+00
       2008 137.498931     12.000    10.4225  36.138920     4.1932 5.9063e+00    267.669     94.404     11.891    32.6223    25.0249    1488.65 0.0000e+00
       2022 137.498972     11.000    10.4557  36.157918     4.2459 7.5813e+00    269.355     95.016     10.899    32.6119    25.0110    1488.74 0.0000e+00
       2036 137.499013     10.000    10.4665  36.160000     4.4828 1.0116e+01    271.366     95.743      9.909    32.6047    25.0036    1488.76 0.0000e+00
       2050 137.499055      9.000    10.4769  36.157077     6.1056 1.2945e+01    277.732     98.103      8.918    32.5929    24.9926    1488.76 0.0000e+00
       2065 137.499097      8.000    10.5236  36.175482     6.3320 1.6370e+01    284.512    100.610      7.927    32.5700    24.9667    1488.89 0.0000e+00
       2079 137.499138      7.000    10.5916  36.206441     5.8609 2.0284e+01    282.613    100.121      6.936    32.5407    24.9322    1489.07 0.0000e+00
       2094 137.499180      6.000    10.6676  36.259697     5.3858 2.5775e+01    281.599     99.992      5.945    32.5265    24.9080    1489.31 0.0000e+00
       2108 137.499222      5.000    10.7845  36.321992     5.5250 3.4918e+01    282.900    100.594      4.955    32.4850    24.8554    1489.66 0.0000e+00
       2125 137.499272      4.000    10.8828  36.365741     5.2788 4.7128e+01    283.813    101.023      3.964    32.4417    24.8046    1489.94 0.0000e+00
       2149 137.499340      3.000    10.9554  36.390573     5.1424 6.3499e+01    284.935    101.465      2.973    32.4025    24.7613    1490.13 0.0000e+00
       2225 137.499559      2.000    11.0820  36.442904     4.2667 7.8329e+01    287.304    102.524      1.982    32.3434    24.6929    1490.49 0.0000e+00
       2399 137.500062      1.000    11.5036  36.634464     3.1632 9.8793e+01    293.542    105.899      0.991    32.1628    24.4772    1491.73 0.0000e+00
