Day_2_Loch_Creran/2024-05-16/sbe19p_5262_20240516_c6.cnv
* Sea-Bird SBE 19plus Data File:
* FileName = C:\Data\sbe55_sbe19p_5262\2024-05-16\sbe19p_5262_20240516_c6045.hex
* Software Version SeatermAF 2.1.4
* Temperature SN = 5262
* Conductivity SN = 5262
* System UpLoad Time = May 16 2024 12:56:21 (localtime) = May 16 2024 12:56:21 (UTC)
* ds
* SeacatPlus V 1.6b  SERIAL NO. 5262    16 May 2024  12:57:14
# nquan = 14                                
# nvalues = 1192                        
# units = specified
# name 0 = scan: Scan Count
# name 1 = timeJ: Julian Days
# name 2 = prdM: Pressure, Strain Gauge [db]
# name 3 = tv290C: Temperature [ITS-90, deg C]
# name 4 = c0mS/cm: Conductivity [mS/cm]
# name 5 = wetStar: Fluorescence, WET Labs WETstar [mg/m^3]
# name 6 = par: PAR/Irradiance, Biospherical/Licor [umol photons/m^2/sec]
# name 7 = sbeox0Mm/L: Oxygen, SBE 43 [umol/l]
# name 8 = sbeox0PS: Oxygen, SBE 43 [% saturation]
# name 9 = depSM: Depth [salt water, m], lat = 56
# name 10 = sal00: Salinity, Practical [PSU]
# name 11 = sigma-é00: Density [sigma-theta, kg/m^3]
# name 12 = svCM: Sound Velocity [Chen-Millero, m/s]
# name 13 = flag: flag
# span 0 =        301,       1492       
# span 1 = 137.535065, 137.538498       
# span 2 =     -0.203,     27.268       
# span 3 =     9.9719,    13.0209       
# span 4 =   2.350122,  36.367313       
# span 5 =     0.1477,    18.1785       
# span 6 = 1.0000e-12, 5.6963e+02       
# span 7 =    219.317,    338.771       
# span 8 =     69.059,    111.674       
# span 9 =     -0.201,     27.018       
# span 10 =     1.6758,    32.6153      
# span 11 =     0.8926,    25.0943      
# span 12 =    1454.19,    1494.97      
# span 13 = 0.0000e+00, 0.0000e+00      
# interval = seconds: 0.25
# start_time = May 16 2024 12:49:14 [Instrument's time stamp, header]
# bad_flag = -9.990e-29
*END*
[from data line 310]
        611 137.535950      8.041    10.5901  36.226402     6.6011 2.8080e+01    289.039    101.958      7.967    32.5615    24.9487    1489.11 0.0000e+00
        612 137.535965      8.107    10.5863  36.224453     6.1978 2.7391e+01    288.882    101.882      8.033    32.5630    24.9505    1489.10 0.0000e+00
        613 137.535965      8.172    10.5827  36.222591     6.4018 2.6960e+01    288.255    101.644      8.097    32.5643    24.9522    1489.09 0.0000e+00
        614 137.535965      8.237    10.5792  36.220760     6.6703 2.6358e+01    287.732    101.444      8.161    32.5655    24.9537    1489.08 0.0000e+00
        615 137.535965      8.301    10.5759  36.218857     7.0870 2.5662e+01    287.260    101.264      8.225    32.5665    24.9551    1489.07 0.0000e+00
        616 137.535965      8.364    10.5727  36.216793     7.1357 2.4007e+01    286.844    101.101      8.288    32.5673    24.9563    1489.06 0.0000e+00
        617 137.535965      8.428    10.5693  36.214432     6.8646 2.2875e+01    285.935    100.765      8.351    32.5680    24.9573    1489.05 0.0000e+00
        618 137.535980      8.492    10.5657  36.211624     7.2641 2.2376e+01    285.809    100.706      8.414    32.5684    24.9583    1489.04 0.0000e+00
        619 137.535980      8.555    10.5617  36.208252     6.4181 2.1985e+01    285.389    100.544      8.477    32.5685    24.9591    1489.03 0.0000e+00
        620 137.535980      8.619    10.5572  36.204155     6.4328 2.1609e+01    285.329    100.510      8.540    32.5684    24.9598    1489.01 0.0000e+00
        621 137.535980      8.682    10.5521  36.199036     6.9057 2.1171e+01    285.017    100.389      8.603    32.5678    24.9602    1489.00 0.0000e+00
        622 137.535980      8.746    10.5462  36.192604     6.3984 2.0852e+01    284.742    100.276      8.666    32.5666    24.9603    1488.97 0.0000e+00
        623 137.535995      8.810    10.5393  36.184937     6.4811 2.0484e+01    284.820    100.282      8.729    32.5651    24.9603    1488.95 0.0000e+00
        624 137.535995      8.874    10.5314  36.176407     6.7584 2.0211e+01    284.729    100.228      8.793    32.5636    24.9605    1488.92 0.0000e+00
        625 137.535995      8.938    10.5225  36.167221     6.6758 1.9791e+01    284.772    100.220      8.857    32.5624    24.9610    1488.89 0.0000e+00
        626 137.535995      9.003    10.5129  36.157398     7.7156 1.9261e+01    284.812    100.212      8.921    32.5611    24.9617    1488.85 0.0000e+00
        627 137.535995      9.067    10.5027  36.147324     7.1541 1.9034e+01    284.835    100.199      8.985    32.5600    24.9626    1488.82 0.0000e+00
        628 137.536011      9.132    10.4923  36.137787     6.9494 1.8639e+01    284.812    100.168      9.049    32.5598    24.9642    1488.78 0.0000e+00
        629 137.536011      9.196    10.4819  36.129307     7.2091 1.8390e+01    285.044    100.228      9.112    32.5606    24.9666    1488.74 0.0000e+00
        630 137.536011      9.261    10.4722  36.121799     7.5268 1.8011e+01    284.806    100.116      9.176    32.5617    24.9691    1488.71 0.0000e+00
        631 137.536011      9.325    10.4633  36.114857     7.7366 1.7888e+01    284.700    100.049      9.240    32.5627    24.9714    1488.68 0.0000e+00
        632 137.536011      9.389    10.4553  36.108158     7.3170 1.7569e+01    284.556     99.975      9.303    32.5631    24.9731    1488.66 0.0000e+00
        633 137.536026      9.453    10.4477  36.101563     8.2959 1.7267e+01    284.525     99.946      9.367    32.5632    24.9745    1488.63 0.0000e+00
        634 137.536026      9.517    10.4405  36.095001     7.3245 1.7088e+01    284.301     99.850      9.431    32.5631    24.9756    1488.60 0.0000e+00
        635 137.536026      9.582    10.4334  36.088566     7.2616 1.6792e+01    284.338     99.841      9.495    32.5629    24.9767    1488.58 0.0000e+00
        636 137.536026      9.647    10.4264  36.082352     7.3300 1.6598e+01    284.193     99.768      9.559    32.5629    24.9779    1488.56 0.0000e+00
        637 137.536026      9.711    10.4196  36.076191     7.0425 1.6350e+01    283.995     99.676      9.623    32.5628    24.9790    1488.53 0.0000e+00
        638 137.536026      9.775    10.4129  36.069687     6.9523 1.6008e+01    283.816     99.594      9.686    32.5623    24.9797    1488.51 0.0000e+00
        639 137.536041      9.840    10.4060  36.062279     7.1239 1.5797e+01    283.815     99.581      9.750    32.5610    24.9798    1488.48 0.0000e+00
        640 137.536041      9.904    10.3987  36.053635     7.2939 1.5531e+01    283.138     99.333      9.814    32.5588    24.9794    1488.46 0.0000e+00
        641 137.536041      9.968    10.3906  36.044193     8.1256 1.5254e+01    282.497     99.101      9.877    32.5566    24.9790    1488.43 0.0000e+00
        642 137.536041     10.033    10.3817  36.034569     8.5057 1.4929e+01    281.746     98.829      9.942    32.5548    24.9792    1488.39 0.0000e+00
        643 137.536041     10.098    10.3723  36.024868     7.6501 1.4623e+01    281.187     98.618     10.006    32.5535    24.9797    1488.36 0.0000e+00
        644 137.536057     10.163    10.3626  36.015095     8.5762 1.4352e+01    280.636     98.401     10.070    32.5523    24.9805    1488.32 0.0000e+00
        645 137.536057     10.228    10.3527  36.005230     7.6929 1.4103e+01    279.987     98.147     10.135    32.5513    24.9813    1488.29 0.0000e+00
        646 137.536057     10.293    10.3425  35.995098     7.7446 1.3827e+01    279.444     97.928     10.199    32.5502    24.9822    1488.25 0.0000e+00
        647 137.536057     10.357    10.3321  35.984600     7.7521 1.3719e+01    279.090     97.777     10.262    32.5490    24.9830    1488.21 0.0000e+00
        648 137.536057     10.420    10.3212  35.974102     7.9586 1.3599e+01    278.659     97.601     10.325    32.5481    24.9842    1488.17 0.0000e+00
        649 137.536072     10.484    10.3100  35.964603     7.5830 1.3294e+01    277.944     97.328     10.388    32.5486    24.9865    1488.14 0.0000e+00
        650 137.536072     10.547    10.2989  35.956467     7.6057 1.3073e+01    277.295     97.085     10.451    32.5503    24.9898    1488.10 0.0000e+00
        651 137.536072     10.611    10.2884  35.948853     7.6438 1.2869e+01    276.042     96.643     10.514    32.5520    24.9928    1488.07 0.0000e+00
        652 137.536072     10.675    10.2786  35.940941     7.4533 1.2583e+01    275.237     96.359     10.578    32.5528    24.9951    1488.03 0.0000e+00
        653 137.536072     10.739    10.2691  35.932804     8.1436 1.2321e+01    274.350     96.040     10.641    32.5531    24.9969    1488.00 0.0000e+00
        654 137.536072     10.803    10.2597  35.925148     7.9892 1.2041e+01    273.194     95.621     10.704    32.5539    24.9991    1487.97 0.0000e+00
        655 137.536087     10.867    10.2504  35.918427     8.4071 1.1888e+01    271.923     95.162     10.768    32.5553    25.0018    1487.94 0.0000e+00
        656 137.536087     10.931    10.2418  35.912697     8.4835 1.1602e+01    270.802     94.758     10.831    32.5573    25.0048    1487.91 0.0000e+00
        657 137.536087     10.995    10.2340  35.907791     8.7558 1.1400e+01    269.517     94.300     10.895    32.5593    25.0077    1487.88 0.0000e+00
        658 137.536087     11.060    10.2270  35.903118     9.1205 1.1168e+01    267.992     93.760     10.959    32.5608    25.0101    1487.86 0.0000e+00
        659 137.536087     11.126    10.2206  35.897701     9.1667 1.1037e+01    266.820     93.344     11.024    32.5611    25.0114    1487.84 0.0000e+00
        660 137.536102     11.192    10.2142  35.890667    10.1255 1.0828e+01    265.591     92.908     11.090    32.5598    25.0114    1487.82 0.0000e+00
        661 137.536102     11.259    10.2069  35.881802    11.1473 1.0611e+01    264.363     92.473     11.156    32.5573    25.0107    1487.79 0.0000e+00
        662 137.536102     11.327    10.1984  35.871750    12.4452 1.0410e+01    263.369     92.119     11.224    32.5548    25.0102    1487.76 0.0000e+00
        663 137.536102     11.395    10.1886  35.861443    13.7792 1.0102e+01    262.111     91.672     11.291    32.5532    25.0106    1487.72 0.0000e+00
        664 137.536102     11.462    10.1780  35.851570    15.2260 1.0182e+01    260.948     91.257     11.358    32.5527    25.0120    1487.68 0.0000e+00
        665 137.536118     11.529    10.1671  35.842697    15.1740 1.0020e+01    259.797     90.849     11.424    32.5535    25.0144    1487.65 0.0000e+00
        666 137.536118     11.596    10.1567  35.835308    15.4774 9.8087e+00    258.736     90.475     11.490    32.5554    25.0177    1487.61 0.0000e+00
        667 137.536118     11.663    10.1470  35.829910    16.3317 9.5904e+00    257.563     90.062     11.556    32.5587    25.0218    1487.58 0.0000e+00
        668 137.536118     11.729    10.1385  35.826874    15.7589 9.3786e+00    256.853     89.811     11.622    32.5632    25.0268    1487.56 0.0000e+00
        669 137.536118     11.796    10.1314  35.825287    15.6863 9.1682e+00    256.212     89.584     11.688    32.5679    25.0316    1487.54 0.0000e+00
        670 137.536133     11.862    10.1257  35.823246    14.9507 8.9307e+00    255.458     89.320     11.754    32.5710    25.0350    1487.52 0.0000e+00
        671 137.536133     11.928    10.1203  35.820049    14.1971 8.8080e+00    255.285     89.260     11.819    32.5725    25.0371    1487.51 0.0000e+00
        672 137.536133     11.993    10.1148  35.816490    15.2424 8.5980e+00    255.002     89.162     11.884    32.5739    25.0391    1487.49 0.0000e+00
        673 137.536133     12.058    10.1090  35.813381    15.2890 8.3337e+00    254.697     89.059     11.948    32.5759    25.0417    1487.47 0.0000e+00
        674 137.536133     12.123    10.1034  35.810932    14.9390 8.1900e+00    254.431     88.967     12.012    32.5785    25.0446    1487.46 0.0000e+00
        675 137.536133     12.187    10.0983  35.808941    16.1370 8.0202e+00    254.005     88.820     12.076    32.5810    25.0474    1487.44 0.0000e+00
        676 137.536148     12.252    10.0939  35.807106    17.1823 7.8260e+00    253.750     88.730     12.140    32.5831    25.0498    1487.43 0.0000e+00
        677 137.536148     12.317    10.0899  35.805244    17.2272 7.6651e+00    253.201     88.538     12.205    32.5848    25.0518    1487.42 0.0000e+00
        678 137.536148     12.383    10.0863  35.803280    18.1596 7.4768e+00    253.034     88.477     12.270    32.5860    25.0533    1487.41 0.0000e+00
        679 137.536148     12.450    10.0829  35.801235    17.8722 7.2892e+00    252.538     88.302     12.336    32.5870    25.0547    1487.40 0.0000e+00
        680 137.536148     12.517    10.0796  35.799152    17.5923 7.0835e+00    251.874     88.068     12.403    32.5878    25.0559    1487.39 0.0000e+00
        681 137.536163     12.585    10.0763  35.797157    16.1001 6.8983e+00    251.782     88.033     12.470    32.5888    25.0571    1487.38 0.0000e+00
        682 137.536163     12.652    10.0731  35.795517    15.9633 6.7167e+00    251.263     87.849     12.536    32.5899    25.0586    1487.37 0.0000e+00
        683 137.536163     12.719    10.0703  35.794327    15.6557 6.6229e+00    251.137     87.803     12.603    32.5913    25.0601    1487.36 0.0000e+00
        684 137.536163     12.786    10.0679  35.793430    16.4110 6.4164e+00    250.969     87.742     12.669    32.5925    25.0615    1487.36 0.0000e+00
        685 137.536163     12.852    10.0659  35.792828    17.0854 6.2674e+00    251.123     87.793     12.735    32.5936    25.0626    1487.35 0.0000e+00
        686 137.536179     12.919    10.0643  35.792625    17.3955 6.0881e+00    251.181     87.811     12.801    32.5948    25.0639    1487.35 0.0000e+00
        687 137.536179     12.985    10.0630  35.792866    17.7643 5.9243e+00    251.593     87.953     12.866    32.5962    25.0651    1487.35 0.0000e+00
        688 137.536179     13.051    10.0622  35.793606    16.4971 5.7485e+00    251.613     87.958     12.932    32.5977    25.0665    1487.35 0.0000e+00
        689 137.536179     13.118    10.0617  35.794746    18.1785 5.5670e+00    252.448     88.248     12.998    32.5992    25.0677    1487.35 0.0000e+00
        690 137.536179     13.183    10.0617  35.796040    17.7286 5.4180e+00    252.604     88.301     13.063    32.6006    25.0688    1487.35 0.0000e+00
        691 137.536194     13.249    10.0618  35.797260    16.7425 5.2608e+00    252.138     88.138     13.128    32.6016    25.0696    1487.35 0.0000e+00
        692 137.536194     13.314    10.0621  35.798157    15.8286 5.1236e+00    252.732     88.344     13.193    32.6022    25.0700    1487.36 0.0000e+00
        693 137.536194     13.380    10.0623  35.798622    15.1245 4.9952e+00    252.559     88.283     13.258    32.6025    25.0702    1487.36 0.0000e+00
        694 137.536194     13.446    10.0623  35.798695    13.8312 4.9059e+00    252.777     88.358     13.323    32.6026    25.0703    1487.36 0.0000e+00
        695 137.536194     13.512    10.0620  35.798428    14.5777 4.7684e+00    252.694     88.326     13.389    32.6025    25.0703    1487.36 0.0000e+00
        696 137.536194     13.579    10.0615  35.797901    14.4157 4.5721e+00    252.583     88.284     13.455    32.6025    25.0703    1487.36 0.0000e+00
        697 137.536209     13.646    10.0607  35.797218    14.6075 4.4105e+00    252.516     88.258     13.521    32.6024    25.0704    1487.36 0.0000e+00
        698 137.536209     13.712    10.0597  35.796467    13.7116 3.2739e+00    252.598     88.283     13.587    32.6025    25.0707    1487.35 0.0000e+00
        699 137.536209     13.779    10.0586  35.795673    13.0305 3.3922e+00    252.811     88.355     13.653    32.6027    25.0709    1487.35 0.0000e+00
        700 137.536209     13.846    10.0575  35.794865    12.2345 3.3125e+00    252.553     88.262     13.719    32.6029    25.0713    1487.35 0.0000e+00
        701 137.536209     13.912    10.0563  35.794060    12.3419 3.2562e+00    252.882     88.375     13.785    32.6031    25.0717    1487.35 0.0000e+00
        702 137.536224     13.977    10.0551  35.793274    12.1330 3.1745e+00    252.766     88.332     13.850    32.6033    25.0720    1487.34 0.0000e+00
        703 137.536224     14.042    10.0540  35.792484    11.6206 3.0736e+00    252.868     88.366     13.914    32.6035    25.0724    1487.34 0.0000e+00
        704 137.536224     14.107    10.0529  35.791714    11.1829 3.0317e+00    252.734     88.317     13.978    32.6037    25.0727    1487.34 0.0000e+00
        705 137.536224     14.171    10.0518  35.791012    11.1049 3.0224e+00    252.919     88.380     14.041    32.6039    25.0731    1487.34 0.0000e+00
        706 137.536224     14.235    10.0508  35.790394    10.5728 2.9257e+00    252.703     88.304     14.105    32.6042    25.0734    1487.33 0.0000e+00
        707 137.536240     14.299    10.0499  35.789852    10.3831 2.8904e+00    252.416     88.204     14.168    32.6044    25.0738    1487.33 0.0000e+00
        708 137.536240     14.363    10.0490  35.789402     9.6912 2.9151e+00    252.476     88.225     14.231    32.6047    25.0742    1487.33 0.0000e+00
        709 137.536240     14.426    10.0482  35.788960     9.7357 2.9193e+00    252.144     88.109     14.295    32.6050    25.0745    1487.33 0.0000e+00
        710 137.536240     14.490    10.0474  35.788422    10.1154 2.8572e+00    251.997     88.056     14.358    32.6051    25.0747    1487.33 0.0000e+00
        711 137.536240     14.554    10.0467  35.787727    10.1356 2.8191e+00    251.681     87.945     14.421    32.6051    25.0748    1487.32 0.0000e+00
        712 137.536240     14.618    10.0458  35.786819    10.3068 2.7556e+00    251.425     87.855     14.485    32.6049    25.0749    1487.32 0.0000e+00
