Day_2_Loch_Creran/2024-05-16/sbe19p_5262_20240516_c5.cnv
* Sea-Bird SBE 19plus Data File:
* FileName = C:\Data\sbe55_sbe19p_5262\2024-05-16\sbe19p_5262_20240516_c5044.hex
* Software Version SeatermAF 2.1.4
* Temperature SN = 5262
* Conductivity SN = 5262
* System UpLoad Time = May 16 2024 12:37:04 (localtime) = May 16 2024 12:37:04 (UTC)
* ds
* SeacatPlus V 1.6b  SERIAL NO. 5262    16 May 2024  12:38:10
# nquan = 14                                
# nvalues = 1008                        
# units = specified
# name 0 = scan: Scan Count
# name 1 = timeJ: Julian Days
# name 2 = prdM: Pressure, Strain Gauge [db]
# name 3 = tv290C: Temperature [ITS-90, deg C]
# name 4 = c0mS/cm: Conductivity [mS/cm]
# name 5 = wetStar: Fluorescence, WET Labs WETstar [mg/m^3]
# name 6 = par: PAR/Irradiance, Biospherical/Licor [umol photons/m^2/sec]
# name 7 = sbeox0Mm/L: Oxygen, SBE 43 [umol/l]
# name 8 = sbeox0PS: Oxygen, SBE 43 [% saturation]
# name 9 = depSM: Depth [salt water, m], lat = 56
# name 10 = sal00: Salinity, Practical [PSU]
# name 11 = sigma-é00: Density [sigma-theta, kg/m^3]
# name 12 = svCM: Sound Velocity [Chen-Millero, m/s]
# name 13 = flag: flag
# span 0 =        301,       1308       
# span 1 = 137.522507, 137.525421       
# span 2 =     -0.209,     20.857       
# span 3 =    10.0669,    12.0702       
# span 4 =   1.930070,  36.680779       
# span 5 =     0.1464,    20.8041       
# span 6 = 2.1517e-01, 8.3108e+02       
# span 7 =    229.248,    346.258       
# span 8 =     68.530,    111.571       
# span 9 =     -0.207,     20.666       
# span 10 =     1.3624,    32.6400      
# span 11 =     0.6507,    25.0970      
# span 12 =    1453.72,    1493.16      
# span 13 = 0.0000e+00, 0.0000e+00      
# interval = seconds: 0.25
# start_time = May 16 2024 12:31:10 [Instrument's time stamp, header]
# bad_flag = -9.990e-29
*END*
        301 137.522507      0.629    12.0344  36.665947     1.3638 2.2016e+02    302.913    109.922      0.623    31.7371    24.0497    1493.06 -9.990e-29
        302 137.522522      0.628    12.0379  36.666824     1.2689 2.1850e+02    302.533    109.788      0.623    31.7350    24.0474    1493.07 -9.990e-29
        303 137.522522      0.627    12.0410  36.667847     1.3445 2.2202e+02    302.275    109.693      0.622    31.7333    24.0455    1493.07 -9.990e-29
        304 137.522522      0.626    12.0443  36.668873     1.1330 2.2831e+02    301.942    109.565      0.621    31.7315    24.0436    1493.08 -9.990e-29
        305 137.522522      0.626    12.0477  36.669643     1.1095 2.3474e+02    302.011    109.589      0.620    31.7293    24.0412    1493.09 -9.990e-29
        306 137.522522      0.625    12.0507  36.670013     1.1770 2.3429e+02    302.111    109.625      0.620    31.7271    24.0390    1493.10 -9.990e-29
        307 137.522522      0.626    12.0526  36.670074     1.0864 2.3037e+02    302.449    109.740      0.620    31.7256    24.0374    1493.11 -9.990e-29
        308 137.522537      0.627    12.0534  36.670025     1.2240 2.2031e+02    302.753    109.844      0.621    31.7248    24.0367    1493.11 -9.990e-29
        309 137.522537      0.628    12.0537  36.670059     1.2643 2.3269e+02    303.018    109.936      0.622    31.7247    24.0365    1493.11 -9.990e-29
        310 137.522537      0.629    12.0542  36.670208     1.5257 2.3216e+02    303.658    110.165      0.623    31.7244    24.0362    1493.11 -9.990e-29
        311 137.522537      0.629    12.0553  36.670372     1.3814 2.2944e+02    303.808    110.220      0.623    31.7236    24.0354    1493.11 -9.990e-29
        312 137.522537      0.629    12.0567  36.670464     1.0302 2.3199e+02    303.991    110.292      0.623    31.7224    24.0342    1493.12 -9.990e-29
        313 137.522552      0.628    12.0582  36.670414     1.2211 2.2548e+02    304.156    110.358      0.623    31.7212    24.0330    1493.12 -9.990e-29
        314 137.522552      0.628    12.0593  36.670269     1.0713 2.2964e+02    304.200    110.379      0.622    31.7201    24.0319    1493.12 -9.990e-29
        315 137.522552      0.627    12.0600  36.670086     1.1200 2.3277e+02    304.151    110.365      0.621    31.7193    24.0312    1493.12 -9.990e-29
        316 137.522552      0.627    12.0602  36.669861     1.2072 2.4008e+02    304.140    110.363      0.621    31.7189    24.0309    1493.12 -9.990e-29
        317 137.522552      0.627    12.0598  36.669586     1.0889 2.3025e+02    304.031    110.321      0.621    31.7190    24.0310    1493.12 -9.990e-29
        318 137.522568      0.628    12.0592  36.669289     1.1111 2.3118e+02    303.986    110.304      0.622    31.7192    24.0313    1493.12 -9.990e-29
        319 137.522568      0.628    12.0585  36.669006     1.1905 2.4050e+02    303.863    110.256      0.623    31.7195    24.0317    1493.12 -9.990e-29
        320 137.522568      0.629    12.0578  36.668804     1.0897 2.3269e+02    303.856    110.241      0.623    31.7199    24.0321    1493.12 -9.990e-29
        321 137.522568      0.629    12.0568  36.668732     1.0130 2.3781e+02    303.486    110.103      0.623    31.7207    24.0329    1493.11 -9.990e-29
        322 137.522568      0.629    12.0553  36.668827     1.1984 2.3819e+02    303.351    110.048      0.623    31.7221    24.0342    1493.11 -9.990e-29
        323 137.522568      0.628    12.0536  36.669071     1.1065 2.3482e+02    303.112    109.949      0.623    31.7238    24.0358    1493.11 -9.990e-29
        324 137.522583      0.628    12.0517  36.669479     1.2542 2.3577e+02    302.996    109.898      0.622    31.7258    24.0378    1493.10 -9.990e-29
        325 137.522583      0.627    12.0494  36.670071     1.0881 2.3089e+02    303.008    109.903      0.622    31.7283    24.0401    1493.10 -9.990e-29
        326 137.522583      0.627    12.0472  36.670689     1.3386 2.4097e+02    302.886    109.867      0.622    31.7308    24.0425    1493.09 -9.990e-29
        327 137.522583      0.628    12.0455  36.671211     1.0642 2.4143e+02    303.044    109.939      0.622    31.7327    24.0443    1493.09 -9.990e-29
        328 137.522583      0.629    12.0445  36.671696     1.1481 2.4391e+02    302.928    109.911      0.623    31.7340    24.0454    1493.09 -9.990e-29
        329 137.522598      0.629    12.0446  36.672150     1.0772 2.4537e+02    303.522    110.135      0.624    31.7344    24.0457    1493.09 -9.990e-29
        330 137.522598      0.630    12.0455  36.672565     1.0868 2.3425e+02    303.625    110.169      0.624    31.7340    24.0452    1493.09 -9.990e-29
        331 137.522598      0.630    12.0470  36.672958     1.1044 2.3903e+02    304.001    110.301      0.625    31.7331    24.0443    1493.10 -9.990e-29
        332 137.522598      0.630    12.0483  36.673290     1.1837 2.4714e+02    304.218    110.387      0.625    31.7323    24.0434    1493.10 -9.990e-29
        333 137.522598      0.630    12.0493  36.673458     1.2333 2.3827e+02    304.416    110.477      0.624    31.7317    24.0428    1493.10 -9.990e-29
        334 137.522614      0.630    12.0496  36.673378     1.2677 2.4554e+02    304.356    110.460      0.624    31.7313    24.0424    1493.10 -9.990e-29
        335 137.522614      0.630    12.0493  36.673046     1.1825 2.5455e+02    304.324    110.451      0.624    31.7313    24.0425    1493.10 -9.990e-29
        336 137.522614      0.630    12.0481  36.672554     1.1334 2.4902e+02    304.386    110.477      0.624    31.7317    24.0430    1493.10 -9.990e-29
        337 137.522614      0.631    12.0462  36.672108     1.1577 2.4976e+02    304.209    110.416      0.625    31.7330    24.0444    1493.09 -9.990e-29
        338 137.522614      0.632    12.0435  36.671791     1.0717 2.4854e+02    304.072    110.370      0.626    31.7350    24.0464    1493.09 -9.990e-29
        339 137.522629      0.633    12.0406  36.671478     1.1472 2.4906e+02    303.896    110.308      0.627    31.7371    24.0486    1493.08 -9.990e-29
        340 137.522629      0.634    12.0377  36.671242     1.0822 2.3995e+02    303.647    110.218      0.628    31.7394    24.0509    1493.07 -9.990e-29
        341 137.522629      0.635    12.0349  36.671288     1.1007 2.4357e+02    303.438    110.135      0.629    31.7418    24.0532    1493.06 -9.990e-29
        342 137.522629      0.635    12.0332  36.671700     1.2836 2.3983e+02    303.484    110.110      0.629    31.7436    24.0550    1493.06 -9.990e-29
        343 137.522629      0.635    12.0333  36.672413     1.1636 2.4220e+02    303.280    110.012      0.629    31.7442    24.0555    1493.06 -9.990e-29
        344 137.522629      0.634    12.0354  36.673244     1.2664 2.4485e+02    302.933    109.892      0.629    31.7433    24.0544    1493.07 -9.990e-29
        345 137.522644      0.634    12.0388  36.674030     1.2316 2.4301e+02    302.853    109.874      0.628    31.7412    24.0521    1493.08 -9.990e-29
        346 137.522644      0.634    12.0425  36.674629     1.1149 2.4245e+02    302.927    109.904      0.628    31.7385    24.0494    1493.09 -9.990e-29
        347 137.522644      0.634    12.0457  36.675022     1.2761 2.4348e+02    303.001    109.924      0.629    31.7362    24.0470    1493.09 -9.990e-29
        348 137.522644      0.635    12.0480  36.675373     1.2307 2.4190e+02    302.914    109.885      0.629    31.7346    24.0453    1493.10 -9.990e-29
        349 137.522644      0.636    12.0503  36.675755     1.3012 2.5585e+02    303.031    109.926      0.630    31.7330    24.0436    1493.11 -9.990e-29
        350 137.522659      0.637    12.0533  36.676071     1.3121 2.5392e+02    303.386    110.057      0.631    31.7308    24.0413    1493.11 -9.990e-29
        351 137.522659      0.637    12.0568  36.676331     1.1514 2.4584e+02    303.641    110.149      0.631    31.7280    24.0386    1493.12 -9.990e-29
        352 137.522659      0.637    12.0599  36.676659     1.2303 2.5634e+02    303.854    110.215      0.631    31.7257    24.0362    1493.13 -9.990e-29
        353 137.522659      0.637    12.0622  36.677059     1.0679 2.5924e+02    304.154    110.303      0.631    31.7242    24.0346    1493.14 -9.990e-29
        354 137.522659      0.636    12.0638  36.677364     1.3168 2.6048e+02    304.325    110.340      0.631    31.7230    24.0334    1493.14 -9.990e-29
        355 137.522675      0.636    12.0650  36.677448     1.1376 2.5802e+02    304.491    110.352      0.630    31.7222    24.0325    1493.14 -9.990e-29
        356 137.522675      0.636    12.0653  36.677246     1.1443 2.4623e+02    304.586    110.342      0.630    31.7217    24.0320    1493.14 -9.990e-29
        357 137.522675      0.637    12.0645  36.676674     1.1317 2.4042e+02    304.306    110.233      0.631    31.7218    24.0323    1493.14 -9.990e-29
        358 137.522675      0.637    12.0621  36.675674     1.1237 2.5689e+02    304.055    110.146      0.632    31.7229    24.0336    1493.13 -9.990e-29
        359 137.522675      0.638    12.0572  36.674477     1.1179 2.5702e+02    303.615    109.993      0.632    31.7259    24.0368    1493.12 -9.990e-29
        360 137.522690      0.639    12.0506  36.673656     0.9760 2.5433e+02    303.034    109.790      0.633    31.7307    24.0418    1493.10 -9.990e-29
        361 137.522690      0.639    12.0447  36.673477     1.0339 2.5401e+02    302.885    109.735      0.633    31.7356    24.0467    1493.09 -9.990e-29
        362 137.522690      0.639    12.0413  36.673611     1.1418 2.6291e+02    302.549    109.613      0.633    31.7386    24.0497    1493.08 -9.990e-29
        363 137.522690      0.639    12.0397  36.673653     0.9995 2.5775e+02    302.596    109.634      0.633    31.7400    24.0510    1493.08 -9.990e-29
        364 137.522690      0.638    12.0384  36.673450     1.0965 2.6034e+02    302.704    109.685      0.632    31.7409    24.0519    1493.07 -9.990e-29
        365 137.522690      0.638    12.0366  36.673092     1.1519 2.5897e+02    302.946    109.787      0.632    31.7421    24.0532    1493.07 -9.990e-29
        366 137.522705      0.638    12.0343  36.672626     1.2026 2.6255e+02    303.261    109.911      0.633    31.7436    24.0548    1493.06 -9.990e-29
        367 137.522705      0.639    12.0318  36.671997     1.2744 2.4954e+02    303.422    109.977      0.633    31.7451    24.0564    1493.06 -9.990e-29
        368 137.522705      0.639    12.0289  36.671013     1.1665 2.6477e+02    303.832    110.132      0.633    31.7466    24.0582    1493.05 -9.990e-29
        369 137.522705      0.639    12.0246  36.669502     1.1733 2.6904e+02    303.829    110.141      0.633    31.7489    24.0607    1493.04 -9.990e-29
        370 137.522705      0.639    12.0180  36.667465     1.2072 2.6533e+02    303.751    110.132      0.633    31.7525    24.0647    1493.02 -9.990e-29
        371 137.522720      0.639    12.0089  36.665009     1.3239 2.5874e+02    303.442    110.036      0.633    31.7579    24.0706    1492.99 -9.990e-29
        372 137.522720      0.638    11.9973  36.662544     1.1493 2.7395e+02    303.435    110.038      0.632    31.7654    24.0786    1492.96 -9.990e-29
        373 137.522720      0.637    11.9843  36.660759     1.0407 2.7574e+02    303.195    109.956      0.631    31.7747    24.0882    1492.93 -9.990e-29
        374 137.522720      0.636    11.9725  36.659943     1.0973 2.7371e+02    303.373    110.019      0.630    31.7840    24.0975    1492.90 -9.990e-29
        375 137.522720      0.635    11.9645  36.659851     1.1787 2.7371e+02    303.289    109.979      0.630    31.7907    24.1042    1492.88 -9.990e-29
        376 137.522736      0.635    11.9604  36.660213     1.2442 2.6880e+02    303.563    110.082      0.629    31.7946    24.1080    1492.87 -9.990e-29
        377 137.522736      0.635    11.9590  36.660801     1.0222 2.8420e+02    303.569    110.097      0.630    31.7964    24.1097    1492.87 -9.990e-29
        378 137.522736      0.636    11.9590  36.661446     1.1330 2.7763e+02    303.874    110.220      0.630    31.7969    24.1101    1492.87 -9.990e-29
        379 137.522736      0.636    11.9598  36.662182     1.1905 2.7671e+02    304.002    110.275      0.630    31.7970    24.1100    1492.87 -9.990e-29
        380 137.522736      0.636    11.9614  36.663078     1.1405 2.7690e+02    304.018    110.282      0.630    31.7965    24.1093    1492.88 -9.990e-29
        381 137.522736      0.636    11.9641  36.664112     1.1942 2.7940e+02    303.914    110.248      0.630    31.7952    24.1078    1492.88 -9.990e-29
        382 137.522751      0.635    11.9681  36.665173     1.4087 2.8137e+02    303.833    110.225      0.630    31.7928    24.1052    1492.89 -9.990e-29
        383 137.522751      0.635    11.9729  36.666153     1.1414 2.7866e+02    303.936    110.269      0.629    31.7896    24.1019    1492.91 -9.990e-29
        384 137.522751      0.634    11.9779  36.667011     1.1317 2.7964e+02    303.979    110.291      0.629    31.7862    24.0983    1492.92 -9.990e-29
        385 137.522751      0.634    11.9829  36.667839     1.2941 2.7482e+02    304.166    110.364      0.628    31.7827    24.0947    1492.93 -9.990e-29
        386 137.522751      0.634    11.9880  36.668724     1.1028 2.7900e+02    304.281    110.412      0.629    31.7792    24.0910    1492.95 -9.990e-29
        387 137.522766      0.635    11.9936  36.669636     1.4741 2.7812e+02    304.289    110.422      0.629    31.7753    24.0870    1492.96 -9.990e-29
        388 137.522766      0.635    11.9996  36.670399     1.1821 2.7313e+02    304.118    110.361      0.630    31.7710    24.0825    1492.98 -9.990e-29
        389 137.522766      0.636    12.0050  36.670933     1.2819 2.6636e+02    303.535    110.148      0.630    31.7669    24.0783    1492.99 -9.990e-29
        390 137.522766      0.636    12.0092  36.671318     1.2878 2.8261e+02    303.447    110.111      0.630    31.7637    24.0750    1493.00 -9.990e-29
        391 137.522766      0.636    12.0120  36.671627     1.1733 2.7661e+02    302.488    109.761      0.630    31.7616    24.0729    1493.01 -9.990e-29
        392 137.522781      0.636    12.0138  36.672062     1.1577 2.7170e+02    302.070    109.611      0.630    31.7605    24.0717    1493.01 -9.990e-29
        393 137.522781      0.635    12.0151  36.672768     1.1657 2.8176e+02    301.806    109.516      0.629    31.7601    24.0711    1493.02 -9.990e-29
        394 137.522781      0.634    12.0172  36.673660     1.1905 2.8480e+02    301.775    109.508      0.629    31.7591    24.0700    1493.02 -9.990e-29
        395 137.522781      0.634    12.0205  36.674515     1.2131 2.9639e+02    301.938    109.572      0.629    31.7572    24.0679    1493.03 -9.990e-29
        396 137.522781      0.635    12.0242  36.675213     1.1628 2.9457e+02    302.422    109.748      0.629    31.7546    24.0652    1493.04 -9.990e-29
        397 137.522797      0.636    12.0278  36.675743     1.1678 2.9488e+02    302.975    109.953      0.630    31.7521    24.0626    1493.05 -9.990e-29
        398 137.522797      0.637    12.0309  36.676167     1.1653 2.8676e+02    303.097    110.005      0.631    31.7499    24.0603    1493.06 -9.990e-29
        399 137.522797      0.638    12.0338  36.676548     1.4238 2.9179e+02    303.134    110.025      0.632    31.7478    24.0581    1493.07 -9.990e-29
        400 137.522797      0.638    12.0369  36.676895     1.1619 2.9416e+02    303.460    110.147      0.632    31.7455    24.0558    1493.08 -9.990e-29
        401 137.522797      0.638    12.0400  36.677227     1.2458 2.9297e+02    303.255    110.075      0.632    31.7432    24.0534    1493.08 -9.990e-29
        402 137.522797      0.637    12.0430  36.677628     1.2639 2.9556e+02    303.135    110.034      0.631    31.7410    24.0512    1493.09 -9.990e-29
        403 137.522812      0.636    12.0458  36.678020     1.2072 2.9349e+02    302.900    109.951      0.630    31.7390    24.0491    1493.10 -9.990e-29
