Day_2_Loch_Creran/2024-05-16/sbe19p_5262_20240516_c2.cnv
* Sea-Bird SBE 19plus Data File:
* FileName = C:\Data\sbe55_sbe19p_5262\2024-05-16\sbe19p_5262_20240516_C2041.hex
* Software Version SeatermAF 2.1.4
* Temperature SN = 5262
* Conductivity SN = 5262
* System UpLoad Time = May 16 2024 11:13:38 (localtime) = May 16 2024 11:13:38 (UTC)
* ds
* SeacatPlus V 1.6b  SERIAL NO. 5262    16 May 2024  11:14:43
# nquan = 14                                
# nvalues = 1603                        
# units = specified
# name 0 = scan: Scan Count
# name 1 = timeJ: Julian Days
# name 2 = prdM: Pressure, Strain Gauge [db]
# name 3 = tv290C: Temperature [ITS-90, deg C]
# name 4 = c0mS/cm: Conductivity [mS/cm]
# name 5 = wetStar: Fluorescence, WET Labs WETstar [mg/m^3]
# name 6 = par: PAR/Irradiance, Biospherical/Licor [umol photons/m^2/sec]
# name 7 = sbeox0Mm/L: Oxygen, SBE 43 [umol/l]
# name 8 = sbeox0PS: Oxygen, SBE 43 [% saturation]
# name 9 = depSM: Depth [salt water, m], lat = 56
# name 10 = sal00: Salinity, Practical [PSU]
# name 11 = sigma-é00: Density [sigma-theta, kg/m^3]
# name 12 = svCM: Sound Velocity [Chen-Millero, m/s]
# name 13 = flag: flag
# span 0 =        301,       1903       
# span 1 = 137.461761, 137.466400       
# span 2 =     -0.216,     26.133       
# span 3 =    10.2475,    11.8479       
# span 4 =   1.086026,  36.596554       
# span 5 =     0.1435,    10.6496       
# span 6 = 7.0793e-02, 4.1796e+02       
# span 7 =    236.415,    336.181       
# span 8 =     71.588,    108.841       
# span 9 =     -0.214,     25.894       
# span 10 =     0.7394,    32.6708      
# span 11 =     0.1329,    25.0905      
# span 12 =    1454.06,    1492.52      
# span 13 = 0.0000e+00, 0.0000e+00      
# interval = seconds: 0.25
# start_time = May 16 2024 11:03:41 [Instrument's time stamp, header]
# bad_flag = -9.990e-29
*END*
[from data line 1446]
       1747 137.465942      0.270    11.8309  36.570393     1.7062 3.8287e+02    287.873    103.837      0.268    31.8186    24.1504    1492.45 0.0000e+00
       1748 137.465942      0.240    11.8295  36.567772     1.7767 3.8496e+02    331.170    103.525      0.238    31.8173    24.1497    1492.44 0.0000e+00
       1749 137.465942      0.210    11.8288  36.565186     1.7108 3.8850e+02    336.181    102.210      0.208    31.8154    24.1483    1492.43 0.0000e+00
       1750 137.465958      0.179    11.8299  36.561489     1.7137 3.8836e+02    324.756     99.781      0.178    31.8109    24.1446    1492.43 0.0000e+00
       1751 137.465958      0.148    11.8323  36.555153     1.4842 3.8747e+02    315.133     96.295      0.147    31.8027    24.1378    1492.43 0.0000e+00
       1752 137.465958      0.116    11.8343  36.545181     1.5459 3.8557e+02    299.100     92.210      0.115    31.7914    24.1287    1492.42 0.0000e+00
       1753 137.465958      0.083    11.8341  36.530788     2.0989 3.8314e+02    285.529     87.714      0.082    31.7777    24.1181    1492.40 0.0000e+00
       1754 137.465958      0.050    11.8305  36.509834     2.5538 3.8402e+02    271.468     83.354      0.050    31.7605    24.1054    1492.37 0.0000e+00
       1755 137.465973      0.020    11.8238  36.478127     2.2853 3.8274e+02    259.592     79.496      0.019    31.7355    24.0873    1492.32 0.0000e+00
       1756 137.465973     -0.009    11.8153  36.428810     2.1199 3.8822e+02    249.983     76.383     -0.009    31.6951    24.0574    1492.24 0.0000e+00
       1757 137.465973     -0.037    11.8063  36.350597     1.2941 3.8945e+02    243.816     74.335     -0.037    31.6271    24.0063    1492.13 0.0000e+00
       1758 137.465973     -0.065    11.7976  36.223877     0.5585 3.9747e+02    239.346     72.768     -0.064    31.5120    23.9185    1491.96 0.0000e+00
       1759 137.465973     -0.092    11.7899  36.015305     0.4209 3.9831e+02    237.062     71.950     -0.091    31.3170    23.7686    1491.70 -9.990e-29
       1760 137.465988     -0.115    11.7831  35.669991     0.3286 4.0874e+02    236.415     71.588     -0.114    30.9892    23.5155    1491.28 -9.990e-29
       1761 137.465988     -0.134    11.7767  35.097084     0.5304 4.1328e+02    237.064     71.634     -0.133    30.4424    23.0924    1490.61 -9.990e-29
       1762 137.465988     -0.150    11.7701  34.145378     0.3093 4.1408e+02    238.368     71.860     -0.148    29.5334    22.3886    1489.50 -9.990e-29
       1763 137.465988     -0.163    11.7629  32.563122     0.3793 4.1576e+02    238.805     72.105     -0.161    28.0271    21.2220    1487.67 -9.990e-29
       1764 137.465988     -0.174    11.7554  29.930296     0.8556 4.1365e+02    240.814     72.460     -0.172    25.5397    19.2962    1484.68 -9.990e-29
       1765 137.465988     -0.182    11.7483  25.545958     0.6000 4.1796e+02    242.760     72.861     -0.180    21.4593    16.1395    1479.80 -9.990e-29
       1766 137.466003     -0.188    11.7421  19.897818     0.3038 4.1445e+02    243.376     73.335     -0.187    16.3291    12.1745    1473.67 -9.990e-29
       1767 137.466003     -0.193    11.7368  15.147532     0.3802 4.1474e+02    245.576     73.707     -0.192    12.1382     8.9372    1468.66 -9.990e-29
       1768 137.466003     -0.197    11.7324  12.256404     1.6659 4.1554e+02    247.545     74.093     -0.195     9.6515     7.0160    1465.68 -9.990e-29
       1769 137.466003     -0.200    11.7288  10.601860     2.6998 4.1270e+02    248.919     74.398     -0.198     8.2533     5.9355    1463.99 -9.990e-29
       1770 137.466003     -0.203    11.7258   9.629500     0.6177 4.1090e+02    250.103     74.787     -0.201     7.4410     5.3076    1463.01 -9.990e-29
       1771 137.466019     -0.204    11.7233   8.965338     0.3638 4.0981e+02    251.231     75.041     -0.203     6.8905     4.8821    1462.34 -9.990e-29
       1772 137.466019     -0.206    11.7209   8.413383     0.2803 4.1111e+02    252.031     75.220     -0.204     6.4358     4.5305    1461.78 -9.990e-29
       1773 137.466019     -0.207    11.7186   7.916992     0.2623 4.1111e+02    252.168     75.382     -0.205     6.0291     4.2160    1461.29 -9.990e-29
       1774 137.466019     -0.208    11.7163   7.445607     0.2803 4.1010e+02    253.221     75.543     -0.206     5.6450     3.9189    1460.82 -9.990e-29
       1775 137.466019     -0.208    11.7140   6.992308     0.2438 4.0938e+02    253.514     75.727     -0.206     5.2776     3.6346    1460.36 -9.990e-29
       1776 137.466034     -0.209    11.7115   6.557014     0.2329 4.1017e+02    253.961     75.857     -0.207     4.9267     3.3631    1459.93 -9.990e-29
       1777 137.466034     -0.209    11.7090   6.146014     0.2090 4.0795e+02    253.726     75.940     -0.207     4.5972     3.1081    1459.53 -9.990e-29
       1778 137.466034     -0.210    11.7065   5.759890     0.2388 4.0552e+02    254.358     75.967     -0.208     4.2893     2.8697    1459.15 -9.990e-29
       1779 137.466034     -0.210    11.7040   5.405001     0.1968 4.0488e+02    255.015     76.142     -0.208     4.0078     2.6518    1458.80 -9.990e-29
       1780 137.466034     -0.210    11.7014   5.102047     0.1746 4.0169e+02    255.168     76.290     -0.208     3.7687     2.4666    1458.50 -9.990e-29
       1781 137.466049     -0.210    11.6988   4.837040     0.1662 3.9740e+02    255.798     76.248     -0.208     3.5605     2.3054    1458.24 -9.990e-29
       1782 137.466049     -0.210    11.6962   4.572070     0.1657 3.9705e+02    256.329     76.299     -0.208     3.3532     2.1449    1457.97 -9.990e-29
       1783 137.466049     -0.211    11.6936   4.340489     0.1599 3.9310e+02    256.789     76.353     -0.209     3.1728     2.0052    1457.75 -9.990e-29
       1784 137.466049     -0.211    11.6910   4.139755     0.1594 3.8918e+02    257.200     76.440     -0.209     3.0171     1.8846    1457.55 -9.990e-29
       1785 137.466049     -0.211    11.6883   3.893741     0.1548 3.8598e+02    257.466     76.518     -0.209     2.8270     1.7373    1457.31 -9.990e-29
       1786 137.466049     -0.211    11.6856   3.625220     0.1532 3.8618e+02    257.815     76.576     -0.209     2.6205     1.5772    1457.05 -9.990e-29
       1787 137.466064     -0.211    11.6828   3.409277     0.1662 3.8761e+02    257.945     76.592     -0.209     2.4553     1.4492    1456.83 -9.990e-29
       1788 137.466064     -0.212    11.6800   3.256332     0.1657 3.8734e+02    258.284     76.642     -0.210     2.3388     1.3589    1456.68 -9.990e-29
       1789 137.466064     -0.212    11.6771   3.144228     0.1578 3.8973e+02    258.469     76.688     -0.210     2.2537     1.2931    1456.57 -9.990e-29
       1790 137.466064     -0.212    11.6741   3.074998     0.1603 3.8639e+02    258.560     76.705     -0.210     2.2013     1.2527    1456.49 -9.990e-29
       1791 137.466064     -0.212    11.6710   3.041608     0.1603 3.8932e+02    258.692     76.733     -0.210     2.1761     1.2335    1456.45 -9.990e-29
       1792 137.466080     -0.212    11.6680   3.025831     0.1662 3.8442e+02    258.700     76.733     -0.210     2.1644     1.2247    1456.42 -9.990e-29
       1793 137.466080     -0.212    11.6648   3.036504     0.1628 3.8200e+02    258.432     76.677     -0.210     2.1726     1.2315    1456.42 -9.990e-29
       1794 137.466080     -0.212    11.6616   3.066678     0.1657 3.8140e+02    258.954     76.727     -0.210     2.1957     1.2498    1456.44 -9.990e-29
       1795 137.466080     -0.212    11.6580   3.076408     0.1620 3.7620e+02    259.354     76.766     -0.210     2.2033     1.2562    1456.43 -9.990e-29
       1796 137.466080     -0.212    11.6540   3.038838     0.1691 3.7154e+02    259.410     76.758     -0.210     2.1750     1.2347    1456.38 -9.990e-29
       1797 137.466095     -0.212    11.6489   2.975744     0.1716 3.6978e+02    259.344     76.745     -0.210     2.1275     1.1983    1456.31 -9.990e-29
       1798 137.466095     -0.212    11.6424   2.885382     0.1754 3.6194e+02    259.443     76.761     -0.210     2.0595     1.1461    1456.20 -9.990e-29
       1799 137.466095     -0.212    11.6344   2.744855     0.1636 3.3045e+02    259.180     76.641     -0.210     1.9539     1.0649    1456.04 -9.990e-29
       1800 137.466095     -0.212    11.6255   2.588340     0.1657 3.3313e+02    259.824     76.830     -0.210     1.8367     0.9747    1455.86 -9.990e-29
       1801 137.466095     -0.212    11.6171   2.454545     0.1666 3.3184e+02    260.096     76.901     -0.210     1.7369     0.8980    1455.71 -9.990e-29
       1802 137.466095     -0.212    11.6098   2.350525     0.1674 3.3295e+02    259.124     76.659     -0.210     1.6596     0.8387    1455.59 -9.990e-29
       1803 137.466110     -0.212    11.6040   2.267038     0.1725 3.3278e+02    259.216     76.681     -0.210     1.5977     0.7911    1455.49 -9.990e-29
       1804 137.466110     -0.212    11.5993   2.190701     0.1699 3.3419e+02    259.642     76.758     -0.210     1.5411     0.7476    1455.40 -9.990e-29
       1805 137.466110     -0.213    11.5956   2.118112     0.1779 3.3495e+02    259.325     76.676     -0.211     1.4875     0.7063    1455.32 -9.990e-29
       1806 137.466110     -0.213    11.5926   2.052749     0.1754 3.3045e+02    259.763     76.785     -0.211     1.4392     0.6690    1455.25 -9.990e-29
       1807 137.466110     -0.213    11.5901   1.999049     0.1712 3.3179e+02    259.517     76.712     -0.211     1.3997     0.6385    1455.19 -9.990e-29
       1808 137.466125     -0.213    11.5879   1.954686     0.1712 3.3325e+02    259.145     76.646     -0.211     1.3671     0.6133    1455.15 -9.990e-29
       1809 137.466125     -0.213    11.5859   1.912753     0.1683 3.3442e+02    259.308     76.700     -0.211     1.3363     0.5895    1455.10 -9.990e-29
       1810 137.466125     -0.213    11.5842   1.866255     0.1708 3.3336e+02    259.660     76.774     -0.211     1.3021     0.5631    1455.05 -9.990e-29
       1811 137.466125     -0.213    11.5827   1.799503     0.1716 3.3743e+02    260.608     77.036     -0.211     1.2532     0.5252    1454.99 -9.990e-29
       1812 137.466125     -0.213    11.5813   1.704455     0.1653 3.3566e+02    260.048     76.866     -0.211     1.1837     0.4712    1454.90 -9.990e-29
       1813 137.466141     -0.213    11.5800   1.604262     0.1766 3.3631e+02    259.922     76.813     -0.211     1.1107     0.4144    1454.80 -9.990e-29
       1814 137.466141     -0.213    11.5788   1.525269     0.1943 3.3613e+02    259.778     76.782     -0.211     1.0534     0.3698    1454.73 -9.990e-29
       1815 137.466141     -0.213    11.5776   1.468167     0.1792 3.4005e+02    259.945     76.822     -0.211     1.0121     0.3377    1454.67 -9.990e-29
       1816 137.466141     -0.213    11.5765   1.420925     0.1729 3.4233e+02    259.698     76.772     -0.211     0.9780     0.3113    1454.63 -9.990e-29
       1817 137.466141     -0.213    11.5753   1.381432     0.1657 3.4161e+02    259.720     76.776     -0.211     0.9495     0.2892    1454.59 -9.990e-29
       1818 137.466156     -0.213    11.5741   1.356719     0.1586 3.4335e+02    259.748     76.756     -0.212     0.9317     0.2755    1454.56 -9.990e-29
       1819 137.466156     -0.214    11.5729   1.349002     0.1544 3.4565e+02    258.546     76.391     -0.212     0.9262     0.2713    1454.55 -9.990e-29
       1820 137.466156     -0.214    11.5717   1.349782     0.1578 3.4925e+02    259.795     76.743     -0.212     0.9268     0.2719    1454.54 -9.990e-29
       1821 137.466156     -0.214    11.5705   1.343050     0.1544 3.5302e+02    260.039     76.793     -0.212     0.9220     0.2683    1454.53 -9.990e-29
       1822 137.466156     -0.214    11.5693   1.328070     0.1540 3.5563e+02    259.951     76.771     -0.212     0.9112     0.2600    1454.52 -9.990e-29
       1823 137.466156     -0.214    11.5680   1.316866     0.1511 3.5877e+02    260.087     76.801     -0.212     0.9032     0.2539    1454.50 -9.990e-29
       1824 137.466171     -0.214    11.5667   1.313570     0.1490 3.6423e+02    260.282     76.853     -0.212     0.9009     0.2522    1454.49 -9.990e-29
       1825 137.466171     -0.214    11.5654   1.321143     0.1511 3.6526e+02    260.289     76.847     -0.212     0.9063     0.2566    1454.50 -9.990e-29
       1826 137.466171     -0.214    11.5641   1.335411     0.1502 3.6764e+02    260.442     76.896     -0.212     0.9166     0.2648    1454.50 -9.990e-29
       1827 137.466171     -0.214    11.5627   1.340327     0.1523 3.7024e+02    259.488     76.633     -0.212     0.9202     0.2677    1454.50 -9.990e-29
       1828 137.466171     -0.214    11.5614   1.330466     0.1511 3.7108e+02    258.948     76.477     -0.213     0.9131     0.2624    1454.49 -9.990e-29
       1829 137.466187     -0.215    11.5600   1.315249     0.1511 3.7134e+02    259.004     76.483     -0.213     0.9022     0.2540    1454.47 -9.990e-29
       1830 137.466187     -0.215    11.5586   1.302125     0.1519 3.7363e+02    258.688     76.401     -0.213     0.8928     0.2468    1454.45 -9.990e-29
       1831 137.466187     -0.215    11.5572   1.293948     0.1469 3.7561e+02    259.641     76.659     -0.213     0.8870     0.2424    1454.44 -9.990e-29
       1832 137.466187     -0.215    11.5558   1.291557     0.1502 3.7568e+02    259.067     76.478     -0.213     0.8853     0.2413    1454.43 -9.990e-29
       1833 137.466187     -0.215    11.5544   1.292859     0.1540 3.7846e+02    259.993     76.764     -0.213     0.8863     0.2422    1454.43 -9.990e-29
       1834 137.466202     -0.215    11.5531   1.293394     0.1502 3.7919e+02    260.522     76.907     -0.213     0.8867     0.2427    1454.42 -9.990e-29
       1835 137.466202     -0.215    11.5517   1.285069     0.1544 3.7972e+02    260.199     76.808     -0.213     0.8808     0.2382    1454.41 -9.990e-29
       1836 137.466202     -0.215    11.5502   1.265717     0.1439 3.7992e+02    260.785     76.982     -0.213     0.8669     0.2275    1454.39 -9.990e-29
       1837 137.466202     -0.215    11.5488   1.241442     0.1469 3.8254e+02    260.216     76.809     -0.213     0.8495     0.2141    1454.36 -9.990e-29
       1838 137.466202     -0.215    11.5474   1.216350     0.1490 3.8073e+02    260.633     76.916     -0.213     0.8316     0.2003    1454.33 -9.990e-29
       1839 137.466217     -0.215    11.5460   1.194396     0.1477 3.8133e+02    260.255     76.863     -0.213     0.8159     0.1882    1454.31 -9.990e-29
       1840 137.466217     -0.215    11.5446   1.178645     0.1485 3.8334e+02    260.209     76.965     -0.213     0.8047     0.1796    1454.29 -9.990e-29
       1841 137.466217     -0.215    11.5432   1.167717     0.1494 3.8422e+02    259.313     76.859     -0.213     0.7969     0.1737    1454.28 -9.990e-29
       1842 137.466217     -0.215    11.5418   1.161139     0.1473 3.8463e+02    259.491     76.902     -0.213     0.7922     0.1702    1454.26 -9.990e-29
       1843 137.466217     -0.215    11.5404   1.160861     0.1498 3.8415e+02    258.311     76.645     -0.213     0.7921     0.1702    1454.26 -9.990e-29
       1844 137.466217     -0.215    11.5390   1.168375     0.1477 3.8160e+02    257.717     76.533     -0.213     0.7975     0.1746    1454.26 -9.990e-29
       1845 137.466232     -0.215    11.5377   1.180286     0.1511 3.7502e+02    257.853     76.769     -0.213     0.8060     0.1814    1454.27 -9.990e-29
       1846 137.466232     -0.215    11.5363   1.189290     0.1502 3.7167e+02    258.674     76.772     -0.214     0.8125     0.1866    1454.27 -9.990e-29
       1847 137.466232     -0.216    11.5350   1.193237     0.1477 3.6687e+02    259.205     76.781     -0.214     0.8153     0.1889    1454.27 -9.990e-29
       1848 137.466232     -0.216    11.5337   1.192637     0.1511 3.6270e+02    258.866     76.696     -0.214     0.8149     0.1888    1454.26 -9.990e-29
