Day_2_Loch_Creran/2024-05-16/sbe19p_5262_20240516_ly0_1m.cnv
* Sea-Bird SBE 19plus Data File:
* FileName = C:\Data\sbe55_sbe19p_5262\2024-05-16\sbe19p_5262_20240516_LY0035.hex
* Software Version SeatermAF 2.1.4
* Temperature SN = 5262
* Conductivity SN = 5262
* System UpLoad Time = May 16 2024 08:56:27 (localtime) = May 16 2024 08:56:27 (UTC)
* ds
* SeacatPlus V 1.6b  SERIAL NO. 5262    16 May 2024  08:57:19
# nquan = 14
# nvalues = 141                         
# units = specified
# name 0 = scan: Scan Count
# name 1 = timeJ: Julian Days
# name 2 = prdM: Pressure, Strain Gauge [db]
# name 3 = tv290C: Temperature [ITS-90, deg C]
# name 4 = c0mS/cm: Conductivity [mS/cm]
# name 5 = wetStar: Fluorescence, WET Labs WETstar [mg/m^3]
# name 6 = par: PAR/Irradiance, Biospherical/Licor [umol photons/m^2/sec]
# name 7 = sbeox0Mm/L: Oxygen, SBE 43 [umol/l]
# name 8 = sbeox0PS: Oxygen, SBE 43 [% saturation]
# name 9 = depSM: Depth [salt water, m], lat = 56
# name 10 = sal00: Salinity, Practical [PSU]
# name 11 = sigma-é00: Density [sigma-theta, kg/m^3]
# name 12 = svCM: Sound Velocity [Chen-Millero, m/s]
# name 13 = flag: flag
# span 0 =        527,       2984       
# span 1 = 137.363965, 137.371073       
# span 2 =      1.000,     71.000       
# span 3 =     9.3547,    11.0729       
# span 4 =  35.538423,  36.560267       
# span 5 =     0.4593,     8.7949       
# span 6 = -8.378e-07, 1.7472e+02       
# span 7 =    242.260,    303.413       
# span 8 =     83.983,    108.153       
# span 9 =      0.991,     70.342       
# span 10 =    31.5393,    33.3594      
# span 11 =    24.0853,    25.7490      
# span 12 =    1485.71,    1490.39      
# span 13 = 0.0000e+00, 0.0000e+00      
# interval = decibars: 1                
# start_time = May 16 2024 08:41:55 [Instrument's time stamp, header]
# bad_flag = -9.990e-29
*END*
[from data line 104]
       2455 137.369541     37.000     9.4691  35.967416     1.1176 4.9728e-02    244.088     84.637     36.660    33.3075    25.7187    1486.45 0.0000e+00
       2469 137.369583     36.000     9.4738  35.970146     1.1716 8.9025e-02    244.234     84.681     35.669    33.3064    25.7171    1486.45 0.0000e+00
       2484 137.369626     35.000     9.4725  35.966290     1.0906 1.3167e-01    244.560     84.788     34.679    33.3041    25.7155    1486.43 0.0000e+00
       2498 137.369667     34.000     9.4689  35.960849     1.0074 1.9072e-01    244.351     84.711     33.688    33.3023    25.7146    1486.40 0.0000e+00
       2512 137.369707     33.000     9.4674  35.957463     0.9654 2.3506e-01    244.599     84.786     32.697    33.3007    25.7136    1486.37 0.0000e+00
       2526 137.369748     32.000     9.4637  35.951752     0.9094 2.8019e-01    244.540     84.730     31.706    33.2987    25.7126    1486.34 0.0000e+00
       2540 137.369790     31.000     9.4477  35.930898     0.9732 3.3995e-01    244.194     84.600     30.716    33.2925    25.7103    1486.26 0.0000e+00
       2555 137.369833     30.000     9.4397  35.922323     0.9728 4.2030e-01    244.220     84.575     29.725    33.2916    25.7109    1486.21 0.0000e+00
       2569 137.369874     29.000     9.4262  35.903361     0.9473 5.1597e-01    245.114     84.865     28.734    33.2850    25.7079    1486.14 0.0000e+00
       2583 137.369915     28.000     9.4155  35.890762     0.7266 6.0992e-01    244.605     84.676     27.743    33.2825    25.7077    1486.08 0.0000e+00
       2598 137.369955     27.000     9.4078  35.881267     0.6892 7.2072e-01    246.093     85.182     26.753    33.2802    25.7071    1486.03 0.0000e+00
       2611 137.369996     26.000     9.4034  35.874241     0.6352 8.4820e-01    245.891     85.107     25.762    33.2776    25.7057    1485.99 0.0000e+00
       2625 137.370036     25.000     9.4009  35.869719     0.6198 1.0220e+00    246.166     85.197     24.771    33.2756    25.7046    1485.97 0.0000e+00
       2639 137.370074     24.000     9.3985  35.865550     0.5899 1.2033e+00    245.941     85.113     23.780    33.2740    25.7037    1485.94 0.0000e+00
       2653 137.370116     23.000     9.3968  35.860689     0.5165 1.4218e+00    246.520     85.306     22.789    33.2710    25.7016    1485.91 0.0000e+00
       2667 137.370155     22.000     9.3944  35.855137     0.6371 1.7009e+00    246.340     85.214     21.799    33.2681    25.6997    1485.88 0.0000e+00
       2681 137.370195     21.000     9.3831  35.835880     0.5645 1.9866e+00    246.746     85.345     20.808    33.2591    25.6945    1485.82 0.0000e+00
       2695 137.370236     20.000     9.3752  35.822396     0.5282 2.3410e+00    246.760     85.391     19.817    33.2530    25.6909    1485.76 0.0000e+00
       2709 137.370277     19.000     9.3920  35.834512     0.6947 2.7765e+00    247.812     85.860     18.826    33.2504    25.6862    1485.81 0.0000e+00
       2722 137.370317     18.000     9.4395  35.872526     0.7555 3.3575e+00    248.486     86.149     17.835    33.2459    25.6750    1485.96 0.0000e+00
       2736 137.370356     17.000     9.4768  35.895197     0.9108 3.9774e+00    249.633     86.650     16.845    33.2350    25.6604    1486.06 0.0000e+00
       2750 137.370394     16.000     9.5319  35.932919     0.9857 5.0086e+00    249.820     86.731     15.854    33.2232    25.6422    1486.23 0.0000e+00
       2763 137.370435     15.000     9.5557  35.943185     1.1369 5.9706e+00    250.111     86.869     14.863    33.2122    25.6298    1486.29 0.0000e+00
       2777 137.370473     14.000     9.5707  35.953111     1.1646 6.5993e+00    251.288     87.309     13.872    33.2089    25.6247    1486.32 0.0000e+00
       2790 137.370512     13.000     9.5936  35.965536     1.3384 7.4363e+00    251.285     87.314     12.881    33.2009    25.6147    1486.38 0.0000e+00
       2803 137.370550     12.000     9.6007  35.965674     1.4295 9.1538e+00    252.094     87.589     11.890    33.1949    25.6089    1486.38 0.0000e+00
       2817 137.370589     11.000     9.6055  35.950254     1.7920 1.0879e+01    252.944     87.885     10.900    33.1751    25.5926    1486.36 0.0000e+00
       2830 137.370629     10.000     9.6068  35.943413     2.1831 1.2816e+01    253.777     88.181      9.909    33.1673    25.5863    1486.34 0.0000e+00
       2844 137.370669      9.000     9.6142  35.934488     2.6607 1.6140e+01    256.968     89.283      8.918    33.1518    25.5729    1486.33 0.0000e+00
       2857 137.370707      8.000     9.6202  35.913193     3.6334 2.0848e+01    261.548     90.880      7.927    33.1249    25.5509    1486.30 0.0000e+00
       2871 137.370745      7.000     9.6282  35.892942     5.6470 2.7390e+01    267.118     92.879      6.936    33.0972    25.5279    1486.28 0.0000e+00
       2884 137.370786      6.000     9.6555  35.886227     6.5713 3.5914e+01    274.782     95.694      5.945    33.0656    25.4988    1486.33 0.0000e+00
       2898 137.370824      5.000     9.7329  35.914833     7.3351 4.3031e+01    279.913     97.615      4.955    33.0241    25.4537    1486.54 0.0000e+00
       2913 137.370868      4.000     9.8170  35.955775     7.8816 5.0554e+01    284.766     99.892      3.964    32.9893    25.4126    1486.79 0.0000e+00
       2934 137.370929      3.000    10.1744  36.175734     6.2341 6.2632e+01    294.325    103.692      2.973    32.8872    25.2732    1487.94 0.0000e+00
       2959 137.371002      2.000    10.4809  36.276656     4.0038 1.1100e+02    297.778    105.661      1.982    32.7129    25.0851    1488.80 0.0000e+00
       2984 137.371073      1.000    10.8854  36.067335     2.5879 1.7472e+02    285.873    101.394      0.991    32.1451    24.5732    1489.54 0.0000e+00
