Day_2_Loch_Creran/2024-05-16/sbe19p_5262_20240516_c6.cnv
* Sea-Bird SBE 19plus Data File:
* FileName = C:\Data\sbe55_sbe19p_5262\2024-05-16\sbe19p_5262_20240516_c6045.hex
* Software Version SeatermAF 2.1.4
* Temperature SN = 5262
* Conductivity SN = 5262
* System UpLoad Time = May 16 2024 12:56:21 (localtime) = May 16 2024 12:56:21 (UTC)
* ds
* SeacatPlus V 1.6b  SERIAL NO. 5262    16 May 2024  12:57:14
# nquan = 14                                
# nvalues = 1192                        
# units = specified
# name 0 = scan: Scan Count
# name 1 = timeJ: Julian Days
# name 2 = prdM: Pressure, Strain Gauge [db]
# name 3 = tv290C: Temperature [ITS-90, deg C]
# name 4 = c0mS/cm: Conductivity [mS/cm]
# name 5 = wetStar: Fluorescence, WET Labs WETstar [mg/m^3]
# name 6 = par: PAR/Irradiance, Biospherical/Licor [umol photons/m^2/sec]
# name 7 = sbeox0Mm/L: Oxygen, SBE 43 [umol/l]
# name 8 = sbeox0PS: Oxygen, SBE 43 [% saturation]
# name 9 = depSM: Depth [salt water, m], lat = 56
# name 10 = sal00: Salinity, Practical [PSU]
# name 11 = sigma-é00: Density [sigma-theta, kg/m^3]
# name 12 = svCM: Sound Velocity [Chen-Millero, m/s]
# name 13 = flag: flag
# span 0 =        301,       1492       
# span 1 = 137.535065, 137.538498       
# span 2 =     -0.203,     27.268       
# span 3 =     9.9719,    13.0209       
# span 4 =   2.350122,  36.367313       
# span 5 =     0.1477,    18.1785       
# span 6 = 1.0000e-12, 5.6963e+02       
# span 7 =    219.317,    338.771       
# span 8 =     69.059,    111.674       
# span 9 =     -0.201,     27.018       
# span 10 =     1.6758,    32.6153      
# span 11 =     0.8926,    25.0943      
# span 12 =    1454.19,    1494.97      
# span 13 = 0.0000e+00, 0.0000e+00      
# interval = seconds: 0.25
# start_time = May 16 2024 12:49:14 [Instrument's time stamp, header]
# bad_flag = -9.990e-29
*END*
[from data line 1136]
       1437 137.538345     -0.198    11.2956  10.742673     0.6349 5.4639e+02    236.291     70.685     -0.196     8.4696     6.1585    1462.63 -9.990e-29
       1438 137.538345     -0.199    11.2923   9.981717     1.7662 5.4486e+02    237.210     70.885     -0.197     7.8252     5.6599    1461.84 -9.990e-29
       1439 137.538345     -0.199    11.2890   9.300836     2.1627 5.3829e+02    238.118     71.064     -0.197     7.2525     5.2167    1461.14 -9.990e-29
       1440 137.538361     -0.200    11.2856   8.717600     1.5249 5.2994e+02    239.077     71.241     -0.198     6.7650     4.8394    1460.54 -9.990e-29
       1441 137.538361     -0.200    11.2825   8.229520     0.4322 5.2466e+02    239.709     71.331     -0.198     6.3592     4.5254    1460.04 -9.990e-29
       1442 137.538361     -0.200    11.2795   7.812006     0.4989 5.2071e+02    240.304     71.472     -0.199     6.0138     4.2580    1459.62 -9.990e-29
       1443 137.538361     -0.201    11.2768   7.458911     0.5216 5.2420e+02    240.884     71.584     -0.199     5.7230     4.0328    1459.25 -9.990e-29
       1444 137.538361     -0.201    11.2743   7.169832     0.2547 5.2264e+02    241.432     71.665     -0.199     5.4858     3.8492    1458.96 -9.990e-29
       1445 137.538361     -0.201    11.2720   6.928325     0.2102 5.3237e+02    242.148     71.747     -0.199     5.2882     3.6963    1458.71 -9.990e-29
       1446 137.538376     -0.201    11.2699   6.704273     0.1838 5.3340e+02    242.719     71.845     -0.199     5.1055     3.5548    1458.48 -9.990e-29
       1447 137.538376     -0.201    11.2679   6.471013     0.1657 5.3358e+02    243.366     71.962     -0.200     4.9157     3.4078    1458.24 -9.990e-29
       1448 137.538376     -0.202    11.2661   6.220292     0.1599 5.2827e+02    243.913     72.066     -0.200     4.7123     3.2502    1457.99 -9.990e-29
       1449 137.538376     -0.202    11.2645   5.995338     0.1708 5.3218e+02    244.162     72.106     -0.200     4.5304     3.1092    1457.77 -9.990e-29
       1450 137.538376     -0.202    11.2632   5.843962     0.1628 5.2743e+02    244.705     72.186     -0.201     4.4084     3.0146    1457.61 -9.990e-29
       1451 137.538391     -0.202    11.2620   5.729399     0.1653 5.2641e+02    244.495     72.244     -0.201     4.3162     2.9432    1457.50 -9.990e-29
       1452 137.538391     -0.203    11.2608   5.589884     0.1666 5.2651e+02    244.485     72.296     -0.201     4.2041     2.8563    1457.36 -9.990e-29
       1453 137.538391     -0.203    11.2598   5.422421     0.1683 5.2697e+02    245.105     72.415     -0.201     4.0698     2.7521    1457.19 -9.990e-29
       1454 137.538391     -0.203    11.2588   5.254559     0.1586 5.0353e+02    245.015     72.393     -0.201     3.9355     2.6480    1457.02 -9.990e-29
       1455 137.538391     -0.203    11.2579   5.081722     0.1624 4.9921e+02    245.265     72.450     -0.201     3.7976     2.5410    1456.85 -9.990e-29
       1456 137.538406     -0.203    11.2571   4.886732     0.1586 5.0229e+02    245.412     72.576     -0.201     3.6424     2.4205    1456.66 -9.990e-29
       1457 137.538406     -0.203    11.2563   4.671700     0.1573 4.8631e+02    245.251     72.593     -0.201     3.4718     2.2881    1456.45 -9.990e-29
       1458 137.538406     -0.203    11.2555   4.447219     0.1573 4.8146e+02    245.378     72.606     -0.201     3.2944     2.1503    1456.23 -9.990e-29
       1459 137.538406     -0.203    11.2548   4.229228     0.1624 5.0361e+02    245.600     72.655     -0.201     3.1228     2.0170    1456.02 -9.990e-29
       1460 137.538406     -0.203    11.2541   4.023257     0.1582 5.0797e+02    246.183     72.698     -0.201     2.9613     1.8915    1455.82 -9.990e-29
       1461 137.538422     -0.203    11.2535   3.817202     0.1569 5.0432e+02    246.262     72.717     -0.201     2.8004     1.7664    1455.62 -9.990e-29
       1462 137.538422     -0.202    11.2529   3.600253     0.1573 4.9938e+02    246.664     72.817     -0.201     2.6316     1.6352    1455.41 -9.990e-29
       1463 137.538422     -0.202    11.2523   3.380690     0.1611 5.0994e+02    246.662     72.820     -0.200     2.4616     1.5030    1455.20 -9.990e-29
       1464 137.538422     -0.202    11.2518   3.177883     0.1582 5.0725e+02    246.769     72.843     -0.200     2.3053     1.3814    1455.01 -9.990e-29
       1465 137.538422     -0.202    11.2513   3.003474     0.1548 5.1779e+02    246.920     72.901     -0.200     2.1715     1.2773    1454.85 -9.990e-29
       1466 137.538422     -0.202    11.2509   2.863802     0.1603 5.1326e+02    247.369     72.950     -0.200     2.0647     1.1942    1454.71 -9.990e-29
       1467 137.538437     -0.202    11.2505   2.764130     0.1636 5.1661e+02    247.620     73.044     -0.200     1.9887     1.1351    1454.62 -9.990e-29
       1468 137.538437     -0.203    11.2501   2.716907     0.1687 5.1326e+02    247.754     73.060     -0.201     1.9528     1.1071    1454.57 -9.990e-29
       1469 137.538437     -0.203    11.2498   2.723668     0.1750 5.1489e+02    247.937     73.073     -0.201     1.9580     1.1112    1454.58 -9.990e-29
       1470 137.538437     -0.203    11.2494   2.744632     0.1863 4.7675e+02    247.906     73.098     -0.201     1.9740     1.1237    1454.60 -9.990e-29
       1471 137.538437     -0.203    11.2490   2.752986     0.1960 4.8460e+02    247.980     73.137     -0.201     1.9803     1.1287    1454.60 -9.990e-29
       1472 137.538452     -0.203    11.2486   2.763786     0.2119 4.9824e+02    248.231     73.189     -0.201     1.9886     1.1351    1454.61 -9.990e-29
       1473 137.538452     -0.203    11.2482   2.793258     0.2274 4.9693e+02 -9.990e-29 -9.990e-29     -0.201     2.0110     1.1527    1454.64 -9.990e-29
       1474 137.538452     -0.203    11.2477   2.838546     0.2459 4.9903e+02 -9.990e-29 -9.990e-29     -0.201     2.0456     1.1797    1454.68 -9.990e-29
       1475 137.538452     -0.203    11.2472   2.870504     0.2442 5.1101e+02 -9.990e-29 -9.990e-29     -0.201     2.0700     1.1987    1454.71 -9.990e-29
       1476 137.538452     -0.203    11.2467   2.861134     0.2484 5.1752e+02 -9.990e-29 -9.990e-29     -0.201     2.0629     1.1932    1454.70 -9.990e-29
       1477 137.538467     -0.203    11.2461   2.807310     0.2446 5.1652e+02 -9.990e-29 -9.990e-29     -0.201     2.0219     1.1614    1454.64 -9.990e-29
       1478 137.538467     -0.203    11.2455   2.729712     0.2341 5.2264e+02 -9.990e-29 -9.990e-29     -0.201     1.9628     1.1154    1454.57 -9.990e-29
       1479 137.538467     -0.203    11.2448   2.660333     0.2211 5.3622e+02 -9.990e-29 -9.990e-29     -0.201     1.9101     1.0744    1454.50 -9.990e-29
       1480 137.538467     -0.203    11.2441   2.609627     0.2115 5.3003e+02 -9.990e-29 -9.990e-29     -0.201     1.8717     1.0446    1454.45 -9.990e-29
       1481 137.538467     -0.203    11.2434   2.570477     0.1964 5.3688e+02 -9.990e-29 -9.990e-29     -0.201     1.8420     1.0215    1454.41 -9.990e-29
       1482 137.538483     -0.203    11.2427   2.535491     0.1787 5.4095e+02 -9.990e-29 -9.990e-29     -0.201     1.8156     1.0010    1454.38 -9.990e-29
       1483 137.538483     -0.203    11.2419   2.494413     0.1699 5.4123e+02 -9.990e-29 -9.990e-29     -0.201     1.7845     0.9769    1454.34 -9.990e-29
       1484 137.538483     -0.203    11.2411   2.447884     0.1620 5.5813e+02 -9.990e-29 -9.990e-29     -0.201     1.7494     0.9496    1454.29 -9.990e-29
       1485 137.538483     -0.203    11.2403   2.408006     0.1569 5.4190e+02 -9.990e-29 -9.990e-29     -0.201     1.7194     0.9263    1454.25 -9.990e-29
       1486 137.538483     -0.203    11.2395   2.375633     0.1532 5.4851e+02 -9.990e-29 -9.990e-29     -0.201     1.6950     0.9074    1454.22 -9.990e-29
       1487 137.538483     -0.203    11.2388   2.354052     0.1511 5.6963e+02 -9.990e-29 -9.990e-29     -0.201     1.6788     0.8948    1454.20 -9.990e-29
       1488 137.538498     -0.203    11.2382   2.350122     0.1477 5.6494e+02 -9.990e-29 -9.990e-29     -0.201     1.6758     0.8926    1454.19 -9.990e-29
       1489 137.538498     -0.203    11.2377   2.353068     0.1519 5.3839e+02 -9.990e-29 -9.990e-29     -0.201     1.6781     0.8944    1454.19 -9.990e-29
       1490 137.538498     -0.203    11.2376   2.353810     0.1502 5.4190e+02 -9.990e-29 -9.990e-29     -0.201     1.6786     0.8949    1454.19 -9.990e-29
       1491 137.538498     -0.203 -9.990e-29 -9.990e-29     0.1527 5.4591e+02 -9.990e-29 -9.990e-29     -0.201 -9.990e-29 -9.990e-29 -9.990e-29 -9.990e-29
       1492 137.538498     -0.203 -9.990e-29 -9.990e-29     0.1565 5.3181e+02 -9.990e-29 -9.990e-29     -0.201 -9.990e-29 -9.990e-29 -9.990e-29 -9.990e-29
