Day_2_Loch_Creran/2024-05-16/sbe19p_5262_20240516_ly0_1m.cnv
* Sea-Bird SBE 19plus Data File:
* FileName = C:\Data\sbe55_sbe19p_5262\2024-05-16\sbe19p_5262_20240516_LY0035.hex
* Software Version SeatermAF 2.1.4
* Temperature SN = 5262
* Conductivity SN = 5262
* System UpLoad Time = May 16 2024 08:56:27 (localtime) = May 16 2024 08:56:27 (UTC)
* ds
* SeacatPlus V 1.6b  SERIAL NO. 5262    16 May 2024  08:57:19
# nquan = 14
# nvalues = 141                         
# units = specified
# name 0 = scan: Scan Count
# name 1 = timeJ: Julian Days
# name 2 = prdM: Pressure, Strain Gauge [db]
# name 3 = tv290C: Temperature [ITS-90, deg C]
# name 4 = c0mS/cm: Conductivity [mS/cm]
# name 5 = wetStar: Fluorescence, WET Labs WETstar [mg/m^3]
# name 6 = par: PAR/Irradiance, Biospherical/Licor [umol photons/m^2/sec]
# name 7 = sbeox0Mm/L: Oxygen, SBE 43 [umol/l]
# name 8 = sbeox0PS: Oxygen, SBE 43 [% saturation]
# name 9 = depSM: Depth [salt water, m], lat = 56
# name 10 = sal00: Salinity, Practical [PSU]
# name 11 = sigma-é00: Density [sigma-theta, kg/m^3]
# name 12 = svCM: Sound Velocity [Chen-Millero, m/s]
# name 13 = flag: flag
# span 0 =        527,       2984       
# span 1 = 137.363965, 137.371073       
# span 2 =      1.000,     71.000       
# span 3 =     9.3547,    11.0729       
# span 4 =  35.538423,  36.560267       
# span 5 =     0.4593,     8.7949       
# span 6 = -8.378e-07, 1.7472e+02       
# span 7 =    242.260,    303.413       
# span 8 =     83.983,    108.153       
# span 9 =      0.991,     70.342       
# span 10 =    31.5393,    33.3594      
# span 11 =    24.0853,    25.7490      
# span 12 =    1485.71,    1490.39      
# span 13 = 0.0000e+00, 0.0000e+00      
# interval = decibars: 1                
# start_time = May 16 2024 08:41:55 [Instrument's time stamp, header]
# bad_flag = -9.990e-29
*END*
        527 137.363965      1.000    10.9808  35.538423     0.9325 1.2765e+02    301.418    107.584      0.991    31.5393    24.0853    1489.15 0.0000e+00
        547 137.364021      2.000    11.0729  36.379303     2.2770 9.5608e+01    303.413    108.153      1.982    32.2883    24.6518    1490.39 0.0000e+00
        567 137.364079      3.000    10.9290  36.560267     2.2705 7.9148e+01    298.322    105.408      2.973    32.5942    24.9151    1490.27 0.0000e+00
        588 137.364140      4.000    10.4359  36.275595     2.3888 6.3212e+01    291.947    102.287      3.964    32.7508    25.1225    1488.72 0.0000e+00
        609 137.364200      5.000    10.0342  36.030545     3.0225 5.1469e+01    281.394     98.154      4.954    32.8667    25.2809    1487.44 0.0000e+00
        630 137.364261      6.000     9.8249  35.925823     8.7949 3.8446e+01    277.607     96.572      5.945    32.9506    25.3812    1486.80 0.0000e+00
        651 137.364323      7.000     9.6935  35.863448     8.5474 2.5652e+01    270.177     93.876      6.936    33.0069    25.4467    1486.41 0.0000e+00
        672 137.364384      8.000     9.6401  35.860890     7.8893 2.1246e+01    263.730     91.653      7.927    33.0529    25.4914    1486.29 0.0000e+00
        693 137.364446      9.000     9.6284  35.923108     7.4576 1.3643e+01    254.550     88.440      8.918    33.1271    25.5513    1486.35 0.0000e+00
        714 137.364505     10.000     9.6083  35.927385     3.7202 9.2783e+00    254.018     88.242      9.909    33.1495    25.5722    1486.32 0.0000e+00
        733 137.364560     11.000     9.6009  35.929319     3.6405 7.9677e+00    253.368     88.034     10.900    33.1579    25.5799    1486.32 0.0000e+00
        753 137.364618     12.000     9.6104  35.953625     3.0566 6.7776e+00    252.847     87.921     11.890    33.1736    25.5906    1486.39 0.0000e+00
        772 137.364674     13.000     9.6335  35.989435     2.0791 6.5342e+00    251.786     87.507     12.881    33.1885    25.5985    1486.51 0.0000e+00
        792 137.364730     14.000     9.6099  35.973014     1.6945 5.8086e+00    251.237     87.274     13.872    33.1930    25.6060    1486.45 0.0000e+00
        811 137.364787     15.000     9.5868  35.959244     1.4909 5.0006e+00    250.721     87.088     14.863    33.1998    25.6150    1486.39 0.0000e+00
        831 137.364844     16.000     9.5823  35.960632     1.6187 4.1464e+00    250.605     87.025     15.854    33.2050    25.6198    1486.40 0.0000e+00
        851 137.364902     17.000     9.5671  35.949936     1.2588 3.5905e+00    249.960     86.738     16.845    33.2076    25.6243    1486.36 0.0000e+00
        871 137.364960     18.000     9.5325  35.927944     1.3207 3.2618e+00    249.331     86.492     17.835    33.2166    25.6370    1486.26 0.0000e+00
        892 137.365019     19.000     9.5101  35.920803     1.2702 2.9173e+00    248.723     86.208     18.826    33.2296    25.6508    1486.21 0.0000e+00
        912 137.365079     20.000     9.4703  35.889824     0.8336 2.6146e+00    248.333     85.955     19.817    33.2342    25.6609    1486.09 0.0000e+00
        933 137.365139     21.000     9.4023  35.828978     0.8153 2.2941e+00    246.998     85.391     20.808    33.2341    25.6718    1485.86 0.0000e+00
        954 137.365200     22.000     9.3547  35.793289     0.6522 1.6928e+00    246.786     85.324     21.799    33.2411    25.6850    1485.71 0.0000e+00
        975 137.365261     23.000     9.3618  35.817164     0.5935 1.4099e+00    247.018     85.466     22.789    33.2587    25.6976    1485.77 0.0000e+00
        995 137.365318     24.000     9.3868  35.849061     0.6015 1.2179e+00    246.877     85.429     23.780    33.2680    25.7009    1485.89 0.0000e+00
       1014 137.365374     25.000     9.3915  35.857535     0.5632 1.0475e+00    246.278     85.227     24.771    33.2719    25.7032    1485.93 0.0000e+00
       1034 137.365430     26.000     9.3934  35.860706     0.5233 8.8303e-01    246.631     85.350     25.762    33.2729    25.7037    1485.95 0.0000e+00
       1053 137.365486     27.000     9.3940  35.862615     0.5811 7.4658e-01    246.772     85.405     26.752    33.2739    25.7044    1485.97 0.0000e+00
       1073 137.365543     28.000     9.3966  35.868508     0.4593 6.2904e-01    245.771     85.070     27.743    33.2771    25.7065    1486.00 0.0000e+00
       1092 137.365600     29.000     9.4014  35.876966     0.5190 5.4307e-01    245.387     84.941     28.734    33.2809    25.7087    1486.04 0.0000e+00
       1112 137.365657     30.000     9.4034  35.880653     0.5823 4.0776e-01    245.414     84.962     29.725    33.2824    25.7095    1486.07 0.0000e+00
       1132 137.365714     31.000     9.4088  35.888443     0.6565 2.6663e-01    244.894     84.814     30.716    33.2849    25.7107    1486.11 0.0000e+00
       1151 137.365770     32.000     9.4256  35.912210     0.8589 2.2078e-01    244.766     84.827     31.706    33.2934    25.7146    1486.19 0.0000e+00
       1171 137.365826     33.000     9.4530  35.942333     0.8307 1.7600e-01    244.974     84.905     32.697    33.2984    25.7141    1486.32 0.0000e+00
       1190 137.365883     34.000     9.4556  35.944774     0.8280 1.4469e-01    244.575     84.781     33.688    33.2980    25.7134    1486.34 0.0000e+00
       1210 137.365941     35.000     9.4636  35.956848     0.8328 1.2315e-01    244.843     84.901     34.679    33.3027    25.7158    1486.39 0.0000e+00
       1230 137.365997     36.000     9.4765  35.971065     0.9350 9.7729e-02    244.838     84.901     35.669    33.3048    25.7154    1486.46 0.0000e+00
       1249 137.366054     37.000     9.4765  35.971509     0.9397 7.9332e-02    244.531     84.799     36.660    33.3048    25.7154    1486.48 0.0000e+00
       1269 137.366112     38.000     9.4786  35.976192     0.9461 4.2013e-02    244.440     84.770     37.651    33.3072    25.7169    1486.50 0.0000e+00
       1289 137.366169     39.000     9.4791  35.976085     0.9541 2.0078e-02    244.261     84.659     38.642    33.3062    25.7161    1486.52 0.0000e+00
       1309 137.366226     40.000     9.4525  35.947609     0.9657 7.7045e-03    242.576     84.058     39.632    33.3012    25.7165    1486.43 0.0000e+00
       1328 137.366282     41.000     9.4447  35.946310     0.9647 2.7951e-03    242.260     83.983     40.623    33.3067    25.7221    1486.43 0.0000e+00
       1348 137.366341     42.000     9.4635  35.978442     1.0868 2.5975e-05    243.958     84.645     41.614    33.3218    25.7309    1486.53 0.0000e+00
       1368 137.366398     43.000     9.4958  36.015271     1.2950 -8.378e-07    243.614     84.528     42.604    33.3293    25.7315    1486.67 0.0000e+00
       1388 137.366457     44.000     9.4978  36.018423     1.3861 1.0000e-12    243.769     84.592     43.595    33.3302    25.7319    1486.70 0.0000e+00
       1408 137.366513     45.000     9.5022  36.023924     1.3761 1.0000e-12    244.070     84.704     44.586    33.3313    25.7320    1486.73 0.0000e+00
       1428 137.366571     46.000     9.5061  36.028839     1.3787 1.0000e-12    243.986     84.675     45.576    33.3323    25.7322    1486.76 0.0000e+00
       1447 137.366628     47.000     9.5057  36.029271     1.4082 1.0000e-12    243.818     84.620     46.567    33.3326    25.7326    1486.78 0.0000e+00
       1468 137.366686     48.000     9.5079  36.034187     1.4667 1.0000e-12    244.193     84.764     47.558    33.3352    25.7342    1486.81 0.0000e+00
       1487 137.366743     49.000     9.5140  36.041550     1.4700 1.0000e-12    244.243     84.786     48.548    33.3366    25.7344    1486.85 0.0000e+00
       1507 137.366800     50.000     9.5160  36.045693     1.4064 1.0000e-12    244.086     84.731     49.539    33.3386    25.7357    1486.87 0.0000e+00
       1527 137.366858     51.000     9.5155  36.046591     1.4704 1.0000e-12    244.913     85.019     50.530    33.3396    25.7365    1486.89 0.0000e+00
       1547 137.366916     52.000     9.5157  36.048196     1.4849 1.0000e-12    244.467     84.867     51.520    33.3405    25.7372    1486.91 0.0000e+00
       1567 137.366973     53.000     9.5168  36.049632     1.4632 1.0000e-12    244.209     84.781     52.511    33.3406    25.7371    1486.93 0.0000e+00
       1587 137.367032     54.000     9.5181  36.055317     1.4639 1.0000e-12    244.888     85.026     53.502    33.3447    25.7401    1486.96 0.0000e+00
       1608 137.367091     55.000     9.5218  36.062539     1.6473 1.0000e-12    244.563     84.916     54.492    33.3483    25.7423    1486.99 0.0000e+00
       1628 137.367151     56.000     9.5227  36.065540     1.9828 1.0000e-12    243.747     84.634     55.483    33.3500    25.7436    1487.01 0.0000e+00
       1649 137.367211     57.000     9.5233  36.067328     2.0910 1.0000e-12    243.793     84.651     56.474    33.3509    25.7442    1487.03 0.0000e+00
       1669 137.367268     58.000     9.5241  36.068074     1.9652 1.0000e-12    243.950     84.706     57.464    33.3505    25.7437    1487.05 0.0000e+00
       1689 137.367326     59.000     9.5241  36.068839     1.9768 1.0000e-12    244.158     84.781     58.455    33.3508    25.7440    1487.07 0.0000e+00
       1709 137.367384     60.000     9.5257  36.070886     1.9083 1.0000e-12    243.854     84.677     59.445    33.3510    25.7439    1487.09 0.0000e+00
       1729 137.367441     61.000     9.5263  36.072174     2.0405 1.0000e-12    244.238     84.813     60.436    33.3513    25.7441    1487.11 0.0000e+00
       1749 137.367500     62.000     9.5279  36.075082     2.0189 1.0000e-12    244.368     84.864     61.426    33.3523    25.7446    1487.13 0.0000e+00
       1769 137.367558     63.000     9.5300  36.078305     1.9896 1.0000e-12    244.096     84.772     62.417    33.3532    25.7450    1487.16 0.0000e+00
       1789 137.367616     64.000     9.5313  36.081041     2.3648 1.0000e-12    244.448     84.898     63.408    33.3545    25.7458    1487.18 0.0000e+00
       1809 137.367675     65.000     9.5328  36.083567     2.0287 1.0000e-12    244.387     84.876     64.398    33.3552    25.7461    1487.20 0.0000e+00
       1830 137.367734     66.000     9.5327  36.083629     1.9489 1.0000e-12    244.419     84.886     65.389    33.3549    25.7459    1487.22 0.0000e+00
       1850 137.367793     67.000     9.5322  36.082934     2.1542 1.0000e-12    244.137     84.787     66.380    33.3542    25.7455    1487.23 0.0000e+00
       1871 137.367852     68.000     9.5319  36.083247     1.9890 1.0000e-12    244.464     84.903     67.370    33.3543    25.7457    1487.25 0.0000e+00
       1891 137.367912     69.000     9.5326  36.084783     2.0255 1.0000e-12    244.524     84.924     68.361    33.3548    25.7459    1487.27 0.0000e+00
       1912 137.367971     70.000     9.5329  36.087015     2.0099 1.0000e-12    243.247     84.485     69.351    33.3564    25.7471    1487.29 0.0000e+00
       1957 137.368102     71.000     9.5358  36.093040     2.4948 1.0000e-12    243.859     84.701     70.342    33.3594    25.7490    1487.32 0.0000e+00
       1985 137.368183     70.000     9.5364  36.091895     2.5520 1.0000e-12    244.092     84.780     69.351    33.3582    25.7480    1487.30 0.0000e+00
       2002 137.368232     69.000     9.5354  36.088461     2.2612 1.0000e-12    244.568     84.943     68.361    33.3560    25.7464    1487.28 0.0000e+00
       2020 137.368284     68.000     9.5347  36.086105     1.9902 1.0000e-12    244.108     84.781     67.370    33.3547    25.7455    1487.26 0.0000e+00
       2037 137.368335     67.000     9.5341  36.084159     1.9025 1.0000e-12    244.338     84.860     66.380    33.3537    25.7448    1487.24 0.0000e+00
       2055 137.368387     66.000     9.5336  36.082957     1.9270 1.0000e-12    244.194     84.809     65.389    33.3533    25.7445    1487.22 0.0000e+00
       2073 137.368438     65.000     9.5330  36.082072     2.0044 1.0000e-12    244.278     84.835     64.398    33.3534    25.7447    1487.20 0.0000e+00
       2091 137.368489     64.000     9.5316  36.079936     2.1960 1.0000e-12    243.911     84.705     63.408    33.3530    25.7446    1487.18 0.0000e+00
       2107 137.368537     63.000     9.5301  36.078097     2.0512 1.0000e-12    243.602     84.594     62.417    33.3530    25.7448    1487.16 0.0000e+00
       2121 137.368575     62.000     9.5291  36.075660     2.1357 1.0000e-12    243.674     84.617     61.427    33.3518    25.7440    1487.14 0.0000e+00
       2135 137.368616     61.000     9.5276  36.073148     2.0635 1.0000e-12    244.048     84.745     60.436    33.3511    25.7437    1487.11 0.0000e+00
       2148 137.368655     60.000     9.5274  36.071058     2.2522 1.0000e-12    244.732     84.978     59.445    33.3496    25.7425    1487.10 0.0000e+00
       2162 137.368695     59.000     9.5258  36.067673     1.9865 1.0000e-12    244.791     84.996     58.455    33.3481    25.7416    1487.07 0.0000e+00
       2176 137.368736     58.000     9.5241  36.064541     1.6947 1.0000e-12    244.054     84.738     57.464    33.3468    25.7409    1487.05 0.0000e+00
       2190 137.368775     57.000     9.5233  36.062605     1.6088 1.0000e-12    244.428     84.863     56.473    33.3460    25.7403    1487.03 0.0000e+00
       2204 137.368816     56.000     9.5216  36.058810     1.5959 1.0000e-12    244.650     84.939     55.483    33.3442    25.7392    1487.00 0.0000e+00
       2217 137.368853     55.000     9.5206  36.056885     1.5523 1.0000e-12    244.639     84.935     54.492    33.3436    25.7388    1486.98 0.0000e+00
       2231 137.368895     54.000     9.5203  36.055862     1.4815 1.0000e-12    244.466     84.874     53.501    33.3433    25.7386    1486.96 0.0000e+00
       2244 137.368931     53.000     9.5206  36.055486     1.6021 1.0000e-12    244.091     84.743     52.511    33.3431    25.7385    1486.95 0.0000e+00
       2257 137.368971     52.000     9.5200  36.054237     1.5419 1.0000e-12    244.406     84.850     51.521    33.3428    25.7383    1486.93 0.0000e+00
       2270 137.369007     51.000     9.5193  36.051750     1.5783 1.0000e-12    244.260     84.800     50.530    33.3413    25.7373    1486.91 0.0000e+00
       2284 137.369048     50.000     9.5194  36.050377     1.5581 1.0000e-12    244.214     84.783     49.539    33.3403    25.7364    1486.89 0.0000e+00
       2297 137.369086     49.000     9.5191  36.049322     1.5211 1.0000e-12    243.957     84.690     48.548    33.3399    25.7361    1486.87 0.0000e+00
       2310 137.369124     48.000     9.5186  36.046956     1.4990 1.0000e-12    243.934     84.675     47.558    33.3383    25.7350    1486.85 0.0000e+00
       2324 137.369163     47.000     9.5160  36.042019     1.5986 1.0000e-12    243.779     84.617     46.567    33.3361    25.7336    1486.82 0.0000e+00
       2337 137.369201     46.000     9.5132  36.037917     1.6134 1.0000e-12    243.587     84.546     45.576    33.3350    25.7332    1486.79 0.0000e+00
       2350 137.369237     45.000     9.5116  36.035241     1.4372 1.0000e-12    243.116     84.378     44.586    33.3342    25.7328    1486.77 0.0000e+00
       2363 137.369276     44.000     9.5092  36.031591     1.5349 1.0000e-12    243.340     84.446     43.595    33.3332    25.7324    1486.74 0.0000e+00
       2375 137.369313     43.000     9.5058  36.025387     1.6856 1.0000e-12    242.898     84.282     42.604    33.3304    25.7307    1486.71 0.0000e+00
       2389 137.369351     42.000     9.5015  36.018705     1.5402 7.4997e-06    243.519     84.474     41.613    33.3279    25.7295    1486.68 0.0000e+00
       2401 137.369386     41.000     9.4939  36.006204     1.3554 2.8800e-03    243.278     84.362     40.623    33.3225    25.7265    1486.63 0.0000e+00
       2414 137.369424     40.000     9.4791  35.985833     1.3513 1.1767e-02    242.592     84.096     39.632    33.3159    25.7237    1486.55 0.0000e+00
       2427 137.369461     39.000     9.4660  35.966578     1.2002 2.1431e-02    243.097     84.280     38.641    33.3086    25.7202    1486.48 0.0000e+00
