Day_2_Loch_Creran/2024-05-16/sbe19p_5262_20240516_c1.cnv
* Sea-Bird SBE 19plus Data File:
* FileName = C:\Data\sbe55_sbe19p_5262\2024-05-16\sbe19p_5262_20240516_C1040.hex
* Software Version SeatermAF 2.1.4
* Temperature SN = 5262
* Conductivity SN = 5262
* System UpLoad Time = May 16 2024 10:54:57 (localtime) = May 16 2024 10:54:57 (UTC)
* ds
* SeacatPlus V 1.6b  SERIAL NO. 5262    16 May 2024  10:56:01
# nquan = 14                                
# nvalues = 1505                        
# units = specified
# name 0 = scan: Scan Count
# name 1 = timeJ: Julian Days
# name 2 = prdM: Pressure, Strain Gauge [db]
# name 3 = tv290C: Temperature [ITS-90, deg C]
# name 4 = c0mS/cm: Conductivity [mS/cm]
# name 5 = wetStar: Fluorescence, WET Labs WETstar [mg/m^3]
# name 6 = par: PAR/Irradiance, Biospherical/Licor [umol photons/m^2/sec]
# name 7 = sbeox0Mm/L: Oxygen, SBE 43 [umol/l]
# name 8 = sbeox0PS: Oxygen, SBE 43 [% saturation]
# name 9 = depSM: Depth [salt water, m], lat = 56
# name 10 = sal00: Salinity, Practical [PSU]
# name 11 = sigma-é00: Density [sigma-theta, kg/m^3]
# name 12 = svCM: Sound Velocity [Chen-Millero, m/s]
# name 13 = flag: flag
# span 0 =        301,       1805       
# span 1 = 137.449356, 137.453720       
# span 2 =     -0.215,     12.047       
# span 3 =    10.7144,    11.5904       
# span 4 =   2.122625,  36.673622       
# span 5 =     0.1448,     5.9523       
# span 6 = 6.9575e+00, 5.2836e+02       
# span 7 =    233.302,    313.826       
# span 8 =     69.464,    100.930       
# span 9 =     -0.213,     11.937       
# span 10 =     1.5166,    32.5074      
# span 11 =     0.7987,    24.8845      
# span 12 =    1452.90,    1491.98      
# span 13 = 0.0000e+00, 0.0000e+00      
# interval = seconds: 0.25
# start_time = May 16 2024 10:45:50 [Instrument's time stamp, header]
# bad_flag = -9.990e-29
*END*
[from data line 1446]
       1747 137.453552     -0.209    10.9587  11.149727     0.2077 4.7291e+02    239.015     70.666     -0.207     8.8972     6.5316    1461.88 -9.990e-29
       1748 137.453552     -0.210    10.9584  10.437037     0.2564 4.7775e+02    239.957     70.823     -0.208     8.2852     6.0573    1461.14 -9.990e-29
       1749 137.453552     -0.210    10.9582   9.535726     0.4469 4.6492e+02    239.840     70.942     -0.208     7.5168     5.4617    1460.21 -9.990e-29
       1750 137.453552     -0.211    10.9579   8.680036     0.2564 4.7801e+02    240.856     71.124     -0.209     6.7936     4.9009    1459.34 -9.990e-29
       1751 137.453552     -0.211    10.9576   7.999790     0.2111 4.9693e+02    242.244     71.447     -0.209     6.2231     4.4584    1458.65 -9.990e-29
       1752 137.453568     -0.212    10.9574   7.472038     0.2421 4.9319e+02    242.601     71.496     -0.210     5.7835     4.1173    1458.11 -9.990e-29
       1753 137.453568     -0.212    10.9571   7.035659     0.2069 4.9877e+02    243.722     71.652     -0.210     5.4220     3.8367    1457.67 -9.990e-29
       1754 137.453568     -0.212    10.9568   6.633401     0.2081 4.9658e+02    244.270     71.741     -0.210     5.0906     3.5794    1457.27 -9.990e-29
       1755 137.453568     -0.213    10.9566   6.254967     0.1733 4.9720e+02    245.175     71.872     -0.211     4.7803     3.3384    1456.89 -9.990e-29
       1756 137.453568     -0.213    10.9564   5.931126     0.1662 4.9181e+02    245.955     72.015     -0.211     4.5160     3.1332    1456.57 -9.990e-29
       1757 137.453583     -0.213    10.9562   5.720012     0.1586 4.8897e+02    246.289     72.120     -0.211     4.3444     2.9998    1456.36 -9.990e-29
       1758 137.453583     -0.213    10.9560   5.627799     0.1653 4.9051e+02    246.591     72.176     -0.211     4.2696     2.9417    1456.27 -9.990e-29
       1759 137.453583     -0.213    10.9558   5.568323     0.1552 4.9991e+02    246.890     72.281     -0.211     4.2214     2.9043    1456.21 -9.990e-29
       1760 137.453583     -0.213    10.9557   5.458248     0.1485 5.0000e+02    247.093     72.427     -0.211     4.1323     2.8351    1456.10 -9.990e-29
       1761 137.453583     -0.213    10.9555   5.282382     0.1473 4.9877e+02    247.359     72.508     -0.211     3.9903     2.7247    1455.93 -9.990e-29
       1762 137.453598     -0.213    10.9554   5.070391     0.1582 5.0017e+02    248.119     72.634     -0.211     3.8196     2.5921    1455.72 -9.990e-29
       1763 137.453598     -0.213    10.9553   4.843309     0.1573 5.0088e+02    248.163     72.654     -0.211     3.6374     2.4504    1455.50 -9.990e-29
       1764 137.453598     -0.213    10.9551   4.604360     0.1599 4.9259e+02    248.329     72.731     -0.211     3.4464     2.3019    1455.27 -9.990e-29
       1765 137.453598     -0.213    10.9550   4.370033     0.1540 4.9528e+02    249.029     72.860     -0.211     3.2599     2.1568    1455.04 -9.990e-29
       1766 137.453598     -0.213    10.9549   4.177359     0.1544 4.9720e+02    248.982     72.944     -0.211     3.1071     2.0380    1454.85 -9.990e-29
       1767 137.453598     -0.213    10.9548   4.020394     0.1544 4.8879e+02    249.370     73.019     -0.211     2.9831     1.9414    1454.70 -9.990e-29
       1768 137.453613     -0.213    10.9547   3.844473     0.1552 4.9060e+02    249.500     73.087     -0.211     2.8445     1.8336    1454.53 -9.990e-29
       1769 137.453613     -0.213    10.9546   3.634462     0.1540 4.9563e+02    250.026     73.138     -0.211     2.6796     1.7053    1454.33 -9.990e-29
       1770 137.453613     -0.213    10.9545   3.399601     0.1548 4.9728e+02    250.497     73.279     -0.211     2.4962     1.5624    1454.10 -9.990e-29
       1771 137.453613     -0.213    10.9544   3.147546     0.1498 4.9484e+02    250.739     73.369     -0.211     2.3003     1.4098    1453.86 -9.990e-29
       1772 137.453613     -0.213    10.9543   2.901166     0.1494 4.8931e+02    251.023     73.435     -0.211     2.1100     1.2615    1453.63 -9.990e-29
       1773 137.453629     -0.213    10.9542   2.680779     0.1473 4.8256e+02    250.804     73.450     -0.211     1.9407     1.1296    1453.42 -9.990e-29
       1774 137.453629     -0.213    10.9541   2.509265     0.1544 4.7524e+02    251.129     73.558     -0.211     1.8097     1.0274    1453.26 -9.990e-29
       1775 137.453629     -0.213    10.9541   2.398067     0.1985 4.7191e+02    251.679     73.642     -0.211     1.7251     0.9614    1453.16 -9.990e-29
       1776 137.453629     -0.213    10.9541   2.337403     0.1599 4.8079e+02    251.840     73.642     -0.211     1.6790     0.9255    1453.10 -9.990e-29
       1777 137.453629     -0.213    10.9541   2.318988     0.1511 4.8333e+02    250.642     73.697     -0.211     1.6651     0.9146    1453.08 -9.990e-29
       1778 137.453644     -0.212    10.9541   2.320883     0.1540 4.9034e+02    251.753     73.733     -0.211     1.6665     0.9157    1453.09 -9.990e-29
       1779 137.453644     -0.212    10.9541   2.306312     0.1511 4.9026e+02    252.100     73.783     -0.210     1.6554     0.9071    1453.07 -9.990e-29
       1780 137.453644     -0.212    10.9542   2.272134     0.1498 4.9406e+02    252.255     73.776     -0.210     1.6296     0.8869    1453.04 -9.990e-29
       1781 137.453644     -0.212    10.9542   2.244442     0.1498 4.9519e+02    252.637     73.873     -0.210     1.6086     0.8705    1453.01 -9.990e-29
       1782 137.453644     -0.212    10.9543   2.226410     0.1448 4.9259e+02    252.722     73.977     -0.211     1.5950     0.8599    1453.00 -9.990e-29
       1783 137.453659     -0.213    10.9543   2.215666     0.1452 4.9138e+02    252.503     73.999     -0.211     1.5868     0.8535    1452.99 -9.990e-29
       1784 137.453659     -0.213    10.9544   2.214274     0.1464 4.9224e+02    252.875     74.091     -0.211     1.5858     0.8527    1452.99 -9.990e-29
       1785 137.453659     -0.213    10.9544   2.206385     0.1511 4.9423e+02    253.256     74.138     -0.211     1.5798     0.8480    1452.98 -9.990e-29
       1786 137.453659     -0.213    10.9544   2.180234     0.1460 4.9380e+02 -9.990e-29 -9.990e-29     -0.211     1.5601     0.8326    1452.96 -9.990e-29
       1787 137.453659     -0.213    10.9545   2.144490     0.1448 4.9510e+02 -9.990e-29 -9.990e-29     -0.211     1.5331     0.8116    1452.92 -9.990e-29
       1788 137.453659     -0.213    10.9546   2.122625     0.1494 4.9860e+02 -9.990e-29 -9.990e-29     -0.211     1.5166     0.7987    1452.90 -9.990e-29
       1789 137.453674     -0.213    10.9546   2.123655     0.1448 5.0308e+02 -9.990e-29 -9.990e-29     -0.211     1.5174     0.7993    1452.90 -9.990e-29
       1790 137.453674     -0.213    10.9547   2.143411     0.1460 5.0859e+02 -9.990e-29 -9.990e-29     -0.212     1.5323     0.8109    1452.92 -9.990e-29
       1791 137.453674     -0.214    10.9548   2.175145     0.1494 5.0415e+02 -9.990e-29 -9.990e-29     -0.212     1.5562     0.8296    1452.95 -9.990e-29
       1792 137.453674     -0.214    10.9548   2.197978     0.1511 4.9886e+02 -9.990e-29 -9.990e-29     -0.212     1.5734     0.8430    1452.97 -9.990e-29
       1793 137.453674     -0.214    10.9549   2.212711     0.1544 4.9502e+02 -9.990e-29 -9.990e-29     -0.212     1.5846     0.8517    1452.99 -9.990e-29
       1794 137.453690     -0.214    10.9550   2.259251     0.1511 4.9319e+02 -9.990e-29 -9.990e-29     -0.212     1.6198     0.8792    1453.03 -9.990e-29
       1795 137.453690     -0.214    10.9551   2.306409     0.1460 4.9337e+02 -9.990e-29 -9.990e-29     -0.212     1.6555     0.9070    1453.08 -9.990e-29
       1796 137.453690     -0.214    10.9551   2.277432     0.1502 4.9319e+02 -9.990e-29 -9.990e-29     -0.212     1.6335     0.8899    1453.05 -9.990e-29
       1797 137.453690     -0.214    10.9552   2.206411     0.1519 4.9276e+02 -9.990e-29 -9.990e-29     -0.212     1.5798     0.8480    1452.98 -9.990e-29
       1798 137.453690     -0.214    10.9553   2.157920     0.1511 5.0185e+02 -9.990e-29 -9.990e-29     -0.212     1.5432     0.8194    1452.94 -9.990e-29
       1799 137.453705     -0.214    10.9554   2.151597     0.1469 5.2163e+02 -9.990e-29 -9.990e-29     -0.212     1.5384     0.8156    1452.93 -9.990e-29
       1800 137.453705     -0.214    10.9555   2.186728     0.1460 5.2181e+02 -9.990e-29 -9.990e-29     -0.213     1.5649     0.8363    1452.97 -9.990e-29
       1801 137.453705     -0.215    10.9556   2.229639     0.1494 5.2291e+02 -9.990e-29 -9.990e-29     -0.213     1.5973     0.8616    1453.01 -9.990e-29
       1802 137.453705     -0.215    10.9557   2.247793     0.1523 5.2540e+02 -9.990e-29 -9.990e-29     -0.213     1.6111     0.8723    1453.02 -9.990e-29
       1803 137.453705     -0.215    10.9558   2.248611     0.1485 5.2641e+02 -9.990e-29 -9.990e-29     -0.213     1.6117     0.8728    1453.02 -9.990e-29
       1804 137.453705     -0.215 -9.990e-29 -9.990e-29     0.1494 5.2836e+02 -9.990e-29 -9.990e-29     -0.213 -9.990e-29 -9.990e-29 -9.990e-29 -9.990e-29
       1805 137.453720     -0.215 -9.990e-29 -9.990e-29     0.1494 5.2401e+02 -9.990e-29 -9.990e-29     -0.213 -9.990e-29 -9.990e-29 -9.990e-29 -9.990e-29
